,0,1,2,3,4,5,6,7,8,9,10,11,12,13,14,15,16,17,18,19
0,[],"[{'name': '1709143861297-8088', 'genom': [0.4005365333610833, 0.2495997680544284, 0.5492028923778751, -0.5209548152865806, 0.08068781081077936, 0.23364729693357789, 0.9843897964062072, -0.7027676326191326, -0.1968290666292034, -0.19763263364157235, -0.5835998316615834, -0.1386213472281872, 0.8366412585954524, 0.08167843094566973, 0.6377571823445565, -0.7042576402066782, 0.9585353309525488, -0.9140555202302374, 0.7813808177055757, 0.897520595733172, 0.08030596486219777, -0.682853783189775, -0.2647292515210664, 0.2197734673205871, -0.726735674808179, -0.026265102908759053, 0.13547963940562524], 'fitness': (0.10165235731336797,), 'features': (-9.74095, -8.90556)}]",[],[],"[{'name': '1709099023965-1510', 'genom': [0.3492715612007511, 0.8341862584249276, 0.9664462851435527, -0.5965548935959679, -0.4727057380248767, 0.06835306415435305, 0.9978707198091255, 0.229939321967374, -0.4606191097126078, 0.9424069012071223, -0.4959064291794826, 0.5533612189091708, 0.4640844730822944, 0.020719650151487468, -0.891846364002155, 0.3181095334714312, 0.9948606618114559, 0.16494400062378656, -0.01015358619000395, -0.4502000335619498, 0.6669987895287588, -0.09161759037798345, 0.44555881294671873, 0.5943211127758923, -0.37274613714759974, -0.3962003198082744, -0.16611499636710292], 'fitness': (0.49509162902832027,), 'features': (-9.912888, -5.0589504)}]",[],"[{'name': '1709093026064-621', 'genom': [-0.5739274752426318, -0.02346454413148047, 0.7776800074601049, -0.28426039198556086, 0.5450378269203531, -0.7657726598443557, -0.4693017603201324, 0.9701014021194783, 0.7232182614864338, -0.46016487061699585, 0.3364690754424615, 0.31702038192809656, 0.7112129999226198, 0.5565011609181296, -0.39043366016448466, -0.5121531642417185, -0.4899720281666595, -0.2674830313909473, 0.3905410687888, 0.05148933707695624, -0.41257152157929533, -0.2017455212856225, -0.4217003086029223, -0.06429033917460658, -0.17261779876090833, -0.21942720415255978, -0.8272435584380871], 'fitness': (0.8376817915174696,), 'features': (-9.456075, -3.117721)}]","[{'name': '1709093026064-621', 'genom': [-0.5749390813112312, -0.02346454413148047, 0.7776800074601049, -0.2174477777015571, 0.40912851612497314, -0.7657726598443557, -0.4693017603201324, 0.9701014021194783, 0.7232182614864338, -0.46016487061699585, 0.3364690754424615, 0.20440448381281517, 0.6915798017715411, 0.5565011609181296, -0.37583239863846507, -0.42699448555406194, -0.6618999001498176, -0.22215071218503102, 0.3905410687888, -0.01903092173738874, -0.41257152157929533, -0.2017455212856225, -0.4217003086029223, -0.14655652083818027, -0.17261779876090833, -0.21942720415255978, -0.8914551639555133], 'fitness': (0.8556549284193251,), 'features': (-9.654721, -2.7249591)}]","[{'name': '1709099023965-1510', 'genom': [0.24431511241674797, 0.9096962238145432, 0.9664462851435527, -0.36924256238925346, -0.4727057380248767, 0.15464456951149264, 0.9969153201163283, 0.229939321967374, -0.5163005823272657, 0.9600324611312359, -0.4959064291794826, 0.636589596043025, 0.4640844730822944, 0.05436757290599692, -0.891846364002155, 0.36829239145846326, 0.9948606618114559, 0.16494400062378656, -0.01015358619000395, -0.5159807688147644, 0.6800390230591882, -0.18562367325559492, 0.3391856633103447, 0.6068812505316405, -0.37274613714759974, -0.3962003198082744, -0.1738513673496831], 'fitness': (0.6763481140136718,), 'features': (-9.074965, -1.3880372)}]","[{'name': '1709093026064-621', 'genom': [-0.5749390813112312, -0.02346454413148047, 0.857174240481613, -0.2174477777015571, 0.5450378269203531, -0.7657726598443557, -0.40058944405205077, 0.983821144103727, 0.7232182614864338, -0.22872689690565418, 0.3364690754424615, 0.31702038192809656, 0.6126926829405881, 0.32380295274927207, -0.3960255993721755, -0.3587366347800982, -0.5566145560546962, -0.2674830313909473, 0.3905410687888, -0.01903092173738874, -0.37746309655424226, -0.08774028454342098, -0.4217003086029223, -0.06429033917460658, -0.12127465978401442, -0.21942720415255978, -0.8899054325416371], 'fitness': (0.8649094475640191,), 'features': (-9.369003, -0.54443395)}]","[{'name': '1709089836092-156', 'genom': [0.5192034024582115, 0.7550272426275562, 0.06843615356033772, -0.7418917412167414, -0.6218013866365935, -0.0774081957744317, -0.9828431192593927, 0.4928300289378085, 0.02316012713798621, -0.4896709918046289, 0.4314093030263788, -0.2267044173785291, 0.5567957841689937, 0.052991957391079536, 0.058572822045392936, -0.36578286139457794, -0.5870017595760597, 0.17266333604208395, -0.4739474144287503, 0.34735768272794987, 0.5195733735978783, 0.37467577443666156, 0.18348847492448828, 0.29312788036783566, 0.8090711987981509, -0.15504244520939792, 0.05748686991338836], 'fitness': (0.8048379262288412,), 'features': (-9.066613, 0.80425036)}]","[{'name': '1709091651192-419', 'genom': [-0.13944928374001697, 0.24293859951200925, 0.5546257560948922, 0.8920593435037252, -0.09112617731033446, -0.5514870631179274, -0.8818795592219759, 0.9241084290685686, 0.5554448555066342, 0.6916535460183153, 0.7348590971306226, 0.829691157332026, -0.4354729545906859, -0.35657436850639046, -0.1273296805064943, -0.2358251115735479, 0.7532683059250247, -0.41342653315737876, -0.2683941190368351, -0.2987089263789062, 0.20403626793033225, -0.5962673937265133, 0.7193326400324422, -0.6667903464991543, -0.2547508603447861, -0.5951326957253609, 0.633972008125359], 'fitness': (0.9079000684950087,), 'features': (-9.14881, 1.8491733)}]",[],[],[],[],"[{'name': '1709098271369-1399', 'genom': [0.8864560005526443, 0.7026008646823287, -0.6592294762600317, 0.5195917859371937, 0.8321903041258956, 0.21382516590786582, -0.03167949284723948, -0.48298183425995767, 0.6238726890001995, 0.38288819299848464, 0.2388708345919306, -0.1886788054923536, -0.953684252507113, -0.27477011433035003, 0.21725901443732942, -0.7041290302173506, -0.12334849594109065, 0.4148118104052745, -0.7094804805971167, 0.11893659055711736, 0.6344817791396977, 0.3733418287905683, -0.0662312101882514, 0.6495544182083866, 0.016670217677334787, 0.23217669946562158, -0.396495737940604], 'fitness': (0.6895064459906683,), 'features': (-9.719661, 6.891942)}]",[],[],"[{'name': '1709089836092-156', 'genom': [0.5192034024582115, 0.8950347055228203, 0.06843615356033772, -0.648004861334297, -0.6218013866365935, -0.0774081957744317, -0.9591046365464722, 0.5960851071668789, -0.07132916932721467, -0.7949005229373249, 0.6233977139382698, -0.11317655960625439, 0.5522526268980603, 0.052991957391079536, 0.2339982141937107, -0.325376080092298, -0.48759757536821, 0.3772663423893443, -0.4739474144287503, 0.2622330779373385, 0.28415035433236224, 0.4092427569670689, 0.26625567109399784, 0.16612067445058964, 0.7973745407717028, -0.1199423199478522, 0.0968587108461274], 'fitness': (0.6426017761230469,), 'features': (-9.362282, 9.379299)}]"
1,[],[],"[{'name': '1709143861297-8088', 'genom': [0.369188241970148, 0.2495997680544284, 0.5492028923778751, -0.5209548152865806, 0.08068781081077936, 0.11469088948930439, 0.9843897964062072, -0.7027676326191326, -0.1968290666292034, -0.19763263364157235, -0.5835998316615834, -0.1386213472281872, 0.861094061359811, -0.01362203864502498, 0.6377571823445565, -0.7042576402066782, 0.9585353309525488, -0.9140555202302374, 0.7813808177055757, 0.897520595733172, -0.04523198046036936, -0.682853783189775, -0.2647292515210664, 0.2197734673205871, -0.726735674808179, -0.09080373936552899, 0.13547963940562524], 'fitness': (0.888516034020318,), 'features': (-8.591606, -7.2553515)}]","[{'name': '1709099023965-1510', 'genom': [0.3492715612007511, 0.8341862584249276, 0.9664462851435527, -0.5558925178228031, -0.4727057380248767, -0.21169308223920824, 0.9978707198091255, 0.229939321967374, -0.4606191097126078, 0.9424069012071223, -0.4915124370845203, 0.5533612189091708, 0.4640844730822944, 0.020719650151487468, -0.891846364002155, 0.3181095334714312, 0.9948606618114559, 0.16494400062378656, -0.02035519928467644, -0.4502000335619498, 0.7899596899609982, -0.09161759037798345, 0.44555881294671873, 0.5943211127758923, -0.37274613714759974, -0.24484000441286935, -0.17048243535472096], 'fitness': (0.9297766897413465,), 'features': (-8.499082, -6.8581715)}]","[{'name': '1709099023965-1510', 'genom': [0.24431511241674797, 0.9096962238145432, 0.9016044518322022, -0.49092057099306086, -0.4492829111157093, 0.10308098493290818, 0.8979997213711499, 0.229939321967374, -0.5163005823272657, 0.9004688607497924, -0.4959064291794826, 0.636589596043025, 0.18076971179791546, 0.05436757290599692, -0.7223679023363698, 0.36829239145846326, 0.9564105626735098, 0.015256076589456713, -0.01015358619000395, -0.5159807688147644, 0.6800390230591882, -0.09161759037798345, 0.44555881294671873, 0.6068812505316405, -0.37274613714759974, -0.41319164605665004, -0.20173974433295006], 'fitness': (0.8650005552503798,), 'features': (-8.276646, -5.013274)}]","[{'name': '1709093026064-621', 'genom': [-0.5749390813112312, -0.02346454413148047, 0.7776800074601049, -0.2174477777015571, 0.5450378269203531, -0.7657726598443557, -0.4693017603201324, 0.9701014021194783, 0.7232182614864338, -0.46016487061699585, 0.3364690754424615, 0.31702038192809656, 0.6915798017715411, 0.5565011609181296, -0.360678184368715, -0.3587366347800982, -0.5566145560546962, -0.2674830313909473, 0.3905410687888, -0.01903092173738874, -0.41257152157929533, -0.2017455212856225, -0.4217003086029223, -0.06429033917460658, -0.17261779876090833, -0.21942720415255978, -0.8899054325416371], 'fitness': (0.8194148169623481,), 'features': (-8.121841, -4.860749)}]","[{'name': '1709099023965-1510', 'genom': [0.24431511241674797, 0.979154010693873, 0.9016044518322022, -0.392511746485646, -0.36558553563094054, -0.17613851287822202, 0.9969153201163283, 0.229939321967374, -0.4827504227531807, 0.9633491541115242, -0.133464478099675, 0.636589596043025, 0.534706209495283, 0.05436757290599692, -0.891846364002155, 0.3797805645961476, 0.9948606618114559, 0.015256076589456713, -0.01015358619000395, -0.37990391476696783, 0.6800390230591882, -0.09161759037798345, 0.45000238624549005, 0.5467979333903945, -0.3411101478569498, -0.5099796247486719, -0.20173974433295006], 'fitness': (0.8661566098531087,), 'features': (-8.3099165, -3.090217)}]","[{'name': '1709093026064-621', 'genom': [-0.7503632541513279, -0.02346454413148047, 0.7776800074601049, -0.12548861529053879, 0.40912851612497314, -0.7657726598443557, -0.4693017603201324, 0.9701014021194783, 0.7232182614864338, -0.46016487061699585, 0.3364690754424615, 0.2184783574119673, 0.6915798017715411, 0.61164199789174, -0.4997239356627261, -0.5391061590519917, -0.6618999001498176, -0.22215071218503102, 0.3905410687888, -0.01903092173738874, -0.41257152157929533, 0.11217624199100307, -0.4217003086029223, -0.14655652083818027, -0.17261779876090833, -0.21942720415255978, -0.9181254220187263], 'fitness': (0.9582807540893554,), 'features': (-8.605462, -2.5874853)}]","[{'name': '1709089836092-156', 'genom': [0.3370753930941821, 0.5378760515218568, 0.0165615533821446, -0.9918318563041382, -0.6218013866365935, -0.3439619992144263, -0.9591046365464722, 0.4928300289378085, -0.2179479950436347, -0.53564246503498, 0.4314093030263788, -0.050559019824508944, 0.371414343321558, 0.09751404123706786, 0.062102071480054866, -0.36578286139457794, -0.48759757536821, 0.17266333604208395, -0.4739474144287503, 0.34735768272794987, 0.5195733735978783, 0.4092427569670689, 0.38637866081678385, 0.29312788036783566, 0.8190655977536381, -0.04806794585225238, 0.0968587108461274], 'fitness': (0.7602225409613715,), 'features': (-8.483746, -1.6229186)}]","[{'name': '1709089268746-71', 'genom': [-0.9603044213048433, 0.9076350333190544, 0.11361399338695155, -0.7494505312040394, 0.36047063600300855, -0.4357446198955788, -0.9779352375798345, -0.10251021723934084, 0.39437883760740644, 0.47498996097402335, 0.9996204734813823, 0.8298360722491998, -0.16705870817746327, -0.5239056117470484, 0.7016757222012411, 0.6184506986873473, 0.5401731358729418, -0.14645853999892267, 0.6620437910153774, 0.3706757182949123, -0.6131413258467737, 0.6067079416147576, 0.09228309824341663, 0.41545274707470936, -0.8564574656437585, -0.8421709942294164, 0.1731855503825257], 'fitness': (0.9600928333070543,), 'features': (-8.699419, -0.27319643)}]","[{'name': '1709093026064-621', 'genom': [-0.4740427281940849, -0.02346454413148047, 0.7776800074601049, -0.2174477777015571, 0.5450378269203531, -0.7657726598443557, -0.49321625668135716, 0.9701014021194783, 0.5424737831336728, -0.46016487061699585, 0.3364690754424615, 0.5191582387015208, 0.6915798017715411, 0.5565011609181296, -0.360678184368715, -0.3587366347800982, -0.5566145560546962, -0.2513432345414708, 0.2798384748802958, -0.01903092173738874, -0.3972550521937468, -0.2017455212856225, -0.4126164431492183, -0.06429033917460658, -0.17261779876090833, -0.21942720415255978, -0.8899054325416371], 'fitness': (0.9745294358995226,), 'features': (-8.494272, 0.38173503)}]","[{'name': '1709091651192-419', 'genom': [-0.13944928374001697, 0.00825767901878649, 0.5546257560948922, 0.8905208685058568, -0.26177409474139757, -0.6322328381419402, -0.9875324245153212, 0.9241084290685686, 0.21907895309784986, 0.5931164868354744, 0.8262256645292945, 0.6589023323134833, -0.4354729545906859, -0.35657436850639046, -0.09891070458659357, -0.1550611523088692, 0.8423110050358285, -0.41342653315737876, -0.5043450229096995, -0.15623900801132296, 0.20403626793033225, -0.5962673937265133, 0.9098522970210703, -0.4596932193909884, -0.30635146277448944, -0.7975911916963834, 0.4919525166302061], 'fitness': (0.9822771920098199,), 'features': (-8.82447, 1.8750616)}]","[{'name': '1709089836092-156', 'genom': [0.5192034024582115, 0.7085481911335811, 0.1231807993082239, -0.7826102516324664, -0.6218013866365935, -0.04863264283284008, -0.9591046365464722, 0.5397639149918632, -0.025592587070346617, -0.53564246503498, 0.4314093030263788, -0.15753679897710282, 0.5522526268980603, 0.052991957391079536, 0.21905961508356397, -0.325376080092298, -0.48759757536821, 0.17266333604208395, -0.4739474144287503, 0.2374108001882549, 0.5195733735978783, 0.4092427569670689, 0.27063870297591186, 0.29312788036783566, 0.7973745407717028, -0.15504244520939792, 0.16370308745275675], 'fitness': (0.8074466281467014,), 'features': (-8.056579, 2.7515645)}]","[{'name': '1709093026064-621', 'genom': [-0.5749390813112312, -0.03401028066579004, 0.8754668560850352, -0.2174477777015571, 0.5450378269203531, -0.7527001850598751, -0.4693017603201324, 0.9640723759723122, 0.7232182614864338, -0.46016487061699585, 0.2749823640086684, 0.31702038192809656, 0.6915798017715411, 0.32380295274927207, -0.3960255993721755, -0.3587366347800982, -0.5566145560546962, -0.25019687637732546, 0.4992982577207026, -0.01903092173738874, -0.37746309655424226, -0.0047104902408265925, -0.4217003086029223, -0.10535791777637726, -0.07640783279186669, -0.21942720415255978, -0.8899054325416371], 'fitness': (0.9943708578745524,), 'features': (-8.029383, 3.0290134)}]","[{'name': '1709091987101-467', 'genom': [0.7222348661503064, 0.20955835346385188, 0.7223254842221076, 0.8578564091722303, -0.5788734665331856, 0.07382715910422566, 0.07950050917808404, 0.6281374832401148, -0.41565263832376376, 0.8973182162105691, 0.3504951160412073, -0.9480136561993844, -0.6796723379048473, 0.2764544750070719, 0.5589152074925798, 0.25172446036045026, 0.45179687726581896, 0.9059902036612195, 0.14838522382257047, -0.954421758389294, 0.06198076510194417, -0.23553719167062348, 0.5470123411189789, -0.8516855110768522, -0.06130432270947739, 0.396780679575788, 0.5984241134056969], 'fitness': (0.7863157272338868,), 'features': (-8.4414625, 4.3154235)}]","[{'name': '1709089836092-156', 'genom': [0.5192034024582115, 0.7550272426275562, 0.06843615356033772, -0.7826102516324664, -0.6218013866365935, -0.0774081957744317, -0.9591046365464722, 0.5017903920116722, -0.025592587070346617, -0.53564246503498, 0.4314093030263788, -0.2267044173785291, 0.6131061917685039, 0.052991957391079536, 0.16502436054916925, -0.6042490326156211, -0.48759757536821, 0.17266333604208395, -0.4739474144287503, 0.34735768272794987, 0.5195733735978783, 0.4092427569670689, 0.27063870297591186, 0.27362522368973896, 0.8190655977536381, -0.15504244520939792, 0.0968587108461274], 'fitness': (0.8738267474704319,), 'features': (-8.022589, 5.173478)}]","[{'name': '1709111443187-3323', 'genom': [0.00020093054733760773, 0.7580561323865713, 0.30363374946864763, -0.32297754753502605, 0.04090678350224786, -0.5945813449547481, 0.8215136751604277, -0.5731723369381101, -0.304336974944049, 0.39254918352550083, 0.41067178249492464, 0.7330925127420485, -0.6205680176966661, 0.14952741213148846, -0.27362297933375546, -0.37458280796592436, -0.198058386593295, 0.8493951050278286, -0.4142355166983227, -0.4047276221459337, -0.6904475260304346, -0.21098132555342097, -0.19138730697671358, -0.7804024130285081, 0.8238628487639175, -0.5875073111609974, -0.8770866481149757], 'fitness': (0.9952010896470812,), 'features': (-8.001446, 6.4692736)}]",[],[],[]
2,[],[],"[{'name': '1709099023965-1510', 'genom': [0.24431511241674797, 0.9096962238145432, 0.9664462851435527, -0.5083333857678571, -0.4727057380248767, 0.027314851601536905, 0.9969153201163283, 0.39122807908223733, -0.6305711974673505, 0.9600324611312359, -0.4959064291794826, 0.636589596043025, 0.4640844730822944, 0.05436757290599692, -0.891846364002155, 0.36829239145846326, 0.9948606618114559, 0.03498577430958494, -0.01015358619000395, -0.5159807688147644, 0.6800390230591882, -0.09161759037798345, 0.44555881294671873, 0.6239536095309146, -0.37274613714759974, -0.3962003198082744, -0.20173974433295006], 'fitness': (0.8702728589375814,), 'features': (-7.6358185, -7.020112)}]","[{'name': '1709099023965-1510', 'genom': [0.1517508402218617, 0.9096962238145432, 0.7789991791981061, -0.5083333857678571, -0.4492829111157093, 0.06835306415435305, 0.9999448671739621, 0.229939321967374, -0.5163005823272657, 0.9633491541115242, -0.47558194365012296, 0.636589596043025, 0.4447556881200452, 0.18836347967242828, -0.891846364002155, 0.40887643048742683, 0.9948606618114559, 0.015256076589456713, 0.012373326960186448, -0.5159807688147644, 0.6800390230591882, -0.09161759037798345, 0.34823591319734537, 0.6068812505316405, -0.37274613714759974, -0.41319164605665004, -0.20173974433295006], 'fitness': (0.983953062693278,), 'features': (-7.202861, -6.5023236)}]","[{'name': '1709093495745-691', 'genom': [-0.9660758988603566, 0.8798783117057709, 0.9976396267221079, -0.9630122598981774, -0.5210982527734929, 0.07918528184571172, 0.6920065911905529, 0.39851835092899845, 0.6686493965322524, 0.010355099627541442, -0.9660606095000859, 0.5359138150435923, -0.5131025679099548, 0.8993286095377149, 0.607284410455627, -0.6207908615403939, 0.18814100274547152, 0.6583900658770578, 0.16734262767787222, 0.6437928512933291, -0.03914401772915821, 0.03414937186510736, 0.11016552603961682, -0.2179461364330968, 0.35641058936429837, -0.26292523253529065, -0.6750758960648429], 'fitness': (0.9191234482659234,), 'features': (-7.1476727, -5.95126)}]","[{'name': '1709111362959-3311', 'genom': [0.5962337803952018, 0.5394306925812331, -0.30032282103284946, -0.7752638530927078, 0.6274080253580132, -0.569795464105354, -0.6419141856664083, 0.884078568232143, -0.6765195192073028, -0.5657365822686227, -0.7808113481174912, 0.07338342009882393, -0.9202891717706194, 0.06047109313472476, -0.5659428420999082, -0.19127684222808927, 0.5159133891369421, -0.4859434384948649, 0.05274408394335506, 0.5038536654964103, 0.5931986417411479, 0.6583231393068123, 0.3847759848102723, -0.519397440575925, 0.49294830356908914, 0.002741720662673419, -0.2231903106987465], 'fitness': (0.877043522728814,), 'features': (-7.116772, -4.89821)}]","[{'name': '1709099023965-1510', 'genom': [0.2678109968226159, 0.8189389386198551, 0.9298280222767483, -0.5083333857678571, -0.4324806340156231, 0.06835306415435305, 0.9971312642898957, 0.229939321967374, -0.5608953690975247, 0.9600324611312359, -0.6551303232911501, 0.636589596043025, 0.4187631210942324, 0.041772845822637406, -0.891846364002155, 0.3181095334714312, 0.9965767268010217, 0.16494400062378656, -0.029104031577209755, -0.5033116621559515, 0.7211358400103174, 0.01487612272791572, 0.5353246635473936, 0.5943211127758923, -0.37274613714759974, -0.5141526935685901, -0.16332850627075035], 'fitness': (0.9644263426462809,), 'features': (-7.349371, -3.9167712)}]","[{'name': '1709111362959-3311', 'genom': [0.5962337803952018, 0.41414816383220665, -0.21553232138051426, -0.7752638530927078, 0.6803068844092124, -0.42561944418068465, -0.7193977337374708, 0.884078568232143, -0.5868216561684667, -0.5657365822686227, -0.7808113481174912, 0.07338342009882393, -0.8588094661800119, 0.08708154264667267, -0.5659428420999082, -0.19127684222808927, 0.4677654114477363, -0.4859434384948649, -0.09264054778971698, 0.45903548309787423, 0.5931986417411479, 0.7577165225788223, 0.3847759848102723, -0.519397440575925, 0.4964810185054387, 0.002741720662673419, -0.2231903106987465], 'fitness': (0.7886508305867512,), 'features': (-7.02686, -2.661231)}]","[{'name': '1709107632470-2765', 'genom': [-0.9831484695212982, 0.6505944883752237, -0.023300156820132534, -0.6619356339668845, 0.329401956401854, 0.7861792317036103, 0.3409571134028153, 0.5980498046246052, -0.0794308441274576, 0.35035414558187994, -0.004080092158795123, -0.35539512800800077, -0.1422982811137128, -0.4437411964618241, 0.2363304491486502, 0.8002357640312001, 0.15015676592084692, -0.8997898042880312, -0.1837637516575379, -0.1676871322099318, -0.6167835017931749, 0.3685252913564534, 0.03327134336456061, 0.6486628049908896, -0.8136497850489117, 0.18336668766159803, -0.6958906762095687], 'fitness': (0.9218073950873481,), 'features': (-7.0868287, -1.4243436)}]","[{'name': '1709091651192-419', 'genom': [-0.13944928374001697, 0.00825767901878649, 0.5546257560948922, 0.8905208685058568, -0.26177409474139757, -0.6322328381419402, -0.9875324245153212, 0.9241084290685686, 0.21907895309784986, 0.5931164868354744, 0.8262256645292945, 0.6589023323134833, -0.4354729545906859, -0.35657436850639046, -0.09891070458659357, -0.1550611523088692, 0.8423110050358285, -0.41342653315737876, -0.5043450229096995, -0.15623900801132296, 0.20403626793033225, -0.5962673937265133, 0.9098522970210703, -0.47157307390917325, -0.30635146277448944, -0.6089451592320181, 0.601929345274985], 'fitness': (0.9463257365756564,), 'features': (-7.7195573, -0.031352613)}]","[{'name': '1709091651192-419', 'genom': [-0.13944928374001697, 0.00825767901878649, 0.5546257560948922, 0.8905208685058568, -0.30527424964787375, -0.5514870631179274, -0.9531539517424998, 0.9241084290685686, 0.3299121142594006, 0.6916535460183153, 0.7348590971306226, 0.6589023323134833, -0.4354729545906859, -0.35657436850639046, -0.09891070458659357, -0.1550611523088692, 0.7532683059250247, -0.41342653315737876, -0.5043450229096995, -0.23485653154967756, 0.20403626793033225, -0.5962673937265133, 0.9098522970210703, -0.47157307390917325, -0.30635146277448944, -0.6089451592320181, 0.633972008125359], 'fitness': (0.9793926662868924,), 'features': (-7.5040255, 0.0820129)}]","[{'name': '1709093026064-621', 'genom': [-0.5749390813112312, -0.02346454413148047, 0.7776800074601049, -0.2174477777015571, 0.5450378269203531, -0.7201288114577384, -0.49321625668135716, 0.9701014021194783, 0.8626672556166541, -0.46016487061699585, 0.3364690754424615, 0.31702038192809656, 0.6915798017715411, 0.5565011609181296, -0.360678184368715, -0.3587366347800982, -0.5566145560546962, -0.2513432345414708, 0.2798384748802958, 0.025686536353599854, -0.4641712885268159, -0.2017455212856225, -0.4217003086029223, -0.005749175917088678, -0.17261779876090833, -0.21942720415255978, -0.8899054325416371], 'fitness': (0.9766777727339003,), 'features': (-7.836186, 1.3062387)}]","[{'name': '1709089268746-71', 'genom': [-0.7460959614288096, 0.9076350333190544, 0.09343788846990875, -0.7494505312040394, 0.34233951046461386, -0.5263540008742136, -0.9779352375798345, -0.07468948309559331, 0.5007793827209062, 0.47498996097402335, 0.9846831279904658, 0.7761019821792723, -0.07954054562841528, -0.45322891329318526, 0.9232742679424546, 0.8409837509123608, 0.6166398955908348, -0.08426685878856999, 0.9225010069959465, 0.3706757182949123, -0.7919984573322385, 0.6046070222647171, 0.09228309824341663, 0.24065413400903868, -0.8564574656437585, -0.9586896903462117, 0.41970978704807527], 'fitness': (0.994030272298389,), 'features': (-7.528296, 2.15207)}]","[{'name': '1709093026064-621', 'genom': [-0.5749390813112312, -0.02346454413148047, 0.7776800074601049, -0.2174477777015571, 0.5450378269203531, -0.7657726598443557, -0.49321625668135716, 0.9701014021194783, 0.7232182614864338, -0.46016487061699585, 0.3364690754424615, 0.31702038192809656, 0.6915798017715411, 0.5565011609181296, -0.360678184368715, -0.3587366347800982, -0.5566145560546962, -0.2513432345414708, 0.2798384748802958, -0.01903092173738874, -0.4641712885268159, -0.2017455212856225, -0.4217003086029223, -0.06429033917460658, -0.17261779876090833, -0.21942720415255978, -0.8899054325416371], 'fitness': (0.9971468839380476,), 'features': (-7.725685, 3.0814154)}]","[{'name': '1709117041226-4141', 'genom': [-0.845052343588715, 0.5842348658908592, 0.5590526555482898, 0.6536445389906829, 0.5712410374363899, 0.7528184930325783, 0.7947137379467326, 0.8718908513463215, -0.3642595381455249, 0.632998823476836, -0.40989698425986165, -0.22948649880345817, 0.9168075681981178, -0.0973353213883299, -0.16266711367107822, 0.8266411291784121, 0.7053907982471281, 0.15906676437169698, -0.06377924350632491, -0.769181937569914, 0.7257121958612933, 0.3205241811370596, -0.7936565788640666, 0.29248414379829546, 0.5518841572473221, -0.9592046805106018, -0.6247533545291535], 'fitness': (0.9210673967997233,), 'features': (-7.1479836, 4.236313)}]","[{'name': '1709089023701-35', 'genom': [0.8068713286221083, 0.8979005504206714, 0.4149140147931938, -0.48205360480217974, -0.6410374916010275, -0.1465718921319743, 0.8820455004365482, -0.042176747906389034, -0.010229568414420909, 0.0671804451648077, -0.766241603100869, -0.4732259518248907, -0.23117710462331464, -0.2973924803435646, 0.9903991777021772, 0.38577825158749257, -0.8248412936369198, 0.6845851200452684, 0.6938973393136516, -0.4234815593049417, -0.0032905683263804164, -0.9892748678186143, 0.7054439766021021, 0.2578923454191857, -0.19118306188778167, 0.6225379307940464, -0.1501447855459741], 'fitness': (0.9485133224063449,), 'features': (-7.371132, 5.5295153)}]","[{'name': '1709111443187-3323', 'genom': [0.00020093054733760773, 0.7580561323865713, 0.30363374946864763, -0.32297754753502605, 0.04090678350224786, -0.5945813449547481, 0.8215136751604277, -0.5731723369381101, -0.304336974944049, 0.39254918352550083, 0.41067178249492464, 0.7330925127420485, -0.6205680176966661, 0.14952741213148846, -0.27362297933375546, -0.3844716747914232, -0.2593765246390498, 0.8493951050278286, -0.4142355166983227, -0.41503367302840166, -0.6904475260304346, -0.21098132555342097, -0.19138730697671358, -0.7804024130285081, 0.8238628487639175, -0.548736973686061, -0.8770866481149757], 'fitness': (0.9846958504782782,), 'features': (-7.6820307, 6.5279813)}]","[{'name': '1709098271369-1399', 'genom': [0.9448243681919601, 0.7026008646823287, -0.6592294762600317, 0.5181667016805647, 0.8321903041258956, 0.21382516590786582, -0.13529504820012161, -0.49122395750197745, 0.6238726890001995, 0.38288819299848464, 0.07391735496979268, -0.1886788054923536, -0.953684252507113, -0.18685113167049394, 0.21725901443732942, -0.7041290302173506, -0.13773298132904266, 0.4148118104052745, -0.7094804805971167, 0.16427769571372752, 0.6344817791396977, 0.47123650554390273, -0.0662312101882514, 0.6419592823066529, 0.0019692136659617, -0.0232052298140224, -0.4980200462079618], 'fitness': (0.7977222866482205,), 'features': (-7.4210463, 7.177323)}]","[{'name': '1709098271369-1399', 'genom': [0.9448243681919601, 0.7809019507530273, -0.6592294762600317, 0.7654466060066794, 0.8321903041258956, 0.17587236625864122, -0.13529504820012161, -0.49122395750197745, 0.6238726890001995, 0.38288819299848464, 0.07391735496979268, -0.1886788054923536, -0.953684252507113, -0.18685113167049394, 0.21725901443732942, -0.7041290302173506, -0.13773298132904266, 0.4148118104052745, -0.7094804805971167, 0.09836609140433428, 0.6344817791396977, 0.47123650554390273, -0.0662312101882514, 0.6419592823066529, 0.0019692136659617, -0.0232052298140224, -0.4980200462079618], 'fitness': (0.9553200297885471,), 'features': (-7.637386, 8.374059)}]","[{'name': '1709098271369-1399', 'genom': [0.9448243681919601, 0.7026008646823287, -0.843880909669557, 0.5181667016805647, 0.8321903041258956, 0.11729416453266084, -0.09531691341682658, -0.5830422565377871, 0.6238726890001995, 0.38288819299848464, 0.12097067564253328, -0.07512963100407233, -0.9741718885919906, -0.26277744478652454, -0.05691655997279588, -0.6190353778883722, -0.09062517966636352, 0.4148118104052745, -0.7094804805971167, 0.16427769571372752, 0.6344817791396977, 0.5442245867192748, -0.3927926435709117, 0.5693273686925984, 0.051799064953908625, 0.29576015527757926, -0.396495737940604], 'fitness': (0.8284559461805555,), 'features': (-7.004384, 9.0766325)}]"
3,"[{'name': '1709095197147-943', 'genom': [0.9501773982253963, -0.012082069905968273, 0.6736322198008826, -0.7846217421349557, 0.40213511881027486, 0.5085977292184254, 0.9365947600320679, 0.46759472351417286, -0.3524516266935134, 0.6189395338465862, -0.5204959916748699, -0.30709126558236743, 0.6998918915020236, -0.7627439533460321, 0.7188875046652952, 0.9123857138455604, 0.6996921256738962, 0.7012653548365011, 0.17622911758337367, -0.22331788879532155, -0.019958677089797483, -0.807847907095858, 0.9778476286369819, -0.6658672506581003, -0.14264906400057353, -0.6688522479542596, 0.03922588053555609], 'fitness': (0.7101865980360242,), 'features': (-6.428149, -9.5536585)}]","[{'name': '1709099023965-1510', 'genom': [0.24431511241674797, 0.9096962238145432, 0.9016044518322022, -0.3989916219681189, -0.4492829111157093, 0.06835306415435305, 0.9969153201163283, 0.229939321967374, -0.5163005823272657, 0.96218183436883, -0.4959064291794826, 0.636589596043025, 0.4447556881200452, 0.05436757290599692, -0.891846364002155, 0.36829239145846326, 0.9948606618114559, 0.015256076589456713, -0.01015358619000395, -0.5159807688147644, 0.6800390230591882, -0.09161759037798345, 0.44555881294671873, 0.6068812505316405, -0.37274613714759974, -0.41319164605665004, -0.20173974433295006], 'fitness': (0.9133074866400824,), 'features': (-6.2109604, -8.082208)}]","[{'name': '1709093495745-691', 'genom': [-0.9708237343194008, 0.6770120151335399, 0.9976396267221079, -0.9630122598981774, -0.8146841535286262, 0.07918528184571172, 0.6920065911905529, 0.39851835092899845, 0.6754056138538824, 0.010355099627541442, -0.9788970554581737, 0.5359138150435923, -0.41523703279404645, 0.7507794362602749, 0.630176913197116, -0.6207908615403939, 0.18814100274547152, 0.6015930078952094, 0.0828234155611196, 0.9423565578646678, 0.2096503633862885, 0.11838899742380526, 0.11016552603961682, -0.2179461364330968, 0.35641058936429837, -0.19651107245659127, -0.6750758960648429], 'fitness': (0.7436819076538086,), 'features': (-6.0644927, -7.4351983)}]","[{'name': '1709099023965-1510', 'genom': [0.3492715612007511, 0.8189389386198551, 0.9664462851435527, -0.5083333857678571, -0.4727057380248767, 0.06835306415435305, 0.9983277081945592, 0.229939321967374, -0.5163005823272657, 0.9600324611312359, -0.4959064291794826, 0.636589596043025, 0.4640844730822944, 0.020719650151487468, -0.7130724181648334, 0.3181095334714312, 0.9608732111011704, 0.16494400062378656, -0.067840614250954, -0.5033116621559515, 0.7211358400103174, 0.01487612272791572, 0.6254111245912222, 0.5943211127758923, -0.37274613714759974, -0.3962003198082744, -0.16332850627075035], 'fitness': (0.9455527676476373,), 'features': (-6.1778164, -6.683149)}]","[{'name': '1709111362959-3311', 'genom': [0.6105352670312498, 0.5394306925812331, -0.13184069337376125, -0.7752638530927078, 0.6803068844092124, -0.4633272658951595, -0.6419141856664083, 0.7929341347398267, -0.5868216561684667, -0.5657365822686227, -0.7808113481174912, 0.07338342009882393, -0.8588094661800119, -0.0051759263243713605, -0.5659428420999082, -0.17532165710529002, 0.378450048684597, -0.4859434384948649, -0.10448540647498716, 0.45903548309787423, 0.5931986417411479, 0.6152890353203786, 0.3847759848102723, -0.519397440575925, 0.4964810185054387, -0.040046635677471576, -0.2231903106987465], 'fitness': (0.9427664915720622,), 'features': (-6.637363, -5.8597746)}]","[{'name': '1709144675458-8208', 'genom': [-0.39743514862312823, 0.54864750364278, 0.5882645374993949, 0.4170014412682552, 0.6587153666667525, 0.39406290647812603, -0.2675168578748912, -0.3315249362612549, -0.94029625048488, -0.8683867070044013, -0.12663393945771517, -0.36766055018401955, -0.6366753489861312, -0.25006399874074403, -0.23281539942701213, -0.45363888359670934, 0.31260262038470166, -0.7288644248507035, -0.674441096918921, -0.9304108261672159, 0.2879689336796152, 0.22990641902903097, -0.5131247853161502, -0.9621219215801109, -0.6166867885659333, -0.8958700972627844, 0.8833704541284484], 'fitness': (0.8588870684305827,), 'features': (-6.4456153, -4.6016273)}]","[{'name': '1709099023965-1510', 'genom': [0.11543649934828326, 0.67334330955259, 0.9756774480063011, -0.580059652906014, -0.5001714708147769, -0.006017941665685811, 0.9885025953807538, 0.4107163657744526, -0.4640500481455603, 0.9646324267389488, -0.5201391148142784, 0.7149722199207618, 0.46798083137982927, 0.05436757290599692, -0.7635690594543587, 0.0836839002590124, 0.9948606618114559, 0.11119149200513445, -0.11500170849338676, -0.5159807688147644, 0.6800390230591882, -0.12528680527002956, 0.35555782807982683, 0.41264330402674276, -0.35762271063293416, -0.5431394548607957, 0.05629350651477494], 'fitness': (0.9867614388465882,), 'features': (-6.4088254, -3.3422248)}]","[{'name': '1709091651192-419', 'genom': [-0.13944928374001697, 0.24293859951200925, 0.5546257560948922, 0.8905208685058568, -0.09112617731033446, -0.5514870631179274, -0.9531539517424998, 0.9241084290685686, 0.5554448555066342, 0.6916535460183153, 0.7348590971306226, 0.829691157332026, -0.4354729545906859, -0.35657436850639046, -0.1273296805064943, -0.2358251115735479, 0.7532683059250247, -0.41342653315737876, -0.2683941190368351, -0.2987089263789062, 0.20403626793033225, -0.5962673937265133, 0.8836231199498807, -0.6667903464991543, -0.2547508603447861, -0.5951326957253609, 0.633972008125359], 'fitness': (0.9207989162868924,), 'features': (-6.4080696, -2.0098622)}]","[{'name': '1709107632470-2765', 'genom': [-0.9831484695212982, 0.6505944883752237, -0.023300156820132534, -0.7586486457169683, 0.329401956401854, 0.7861792317036103, 0.3829610162511019, 0.7766553826617595, -0.0794308441274576, 0.35035414558187994, -0.004080092158795123, -0.35539512800800077, -0.1422982811137128, -0.4437411964618241, 0.2363304491486502, 0.8002357640312001, 0.15015676592084692, -0.994683909921305, -0.1837637516575379, -0.1676871322099318, -0.6167835017931749, 0.3962282765042411, 0.03327134336456061, 0.6486628049908896, -0.8610279122114295, 0.18336668766159803, -0.6958906762095687], 'fitness': (0.9702828327814738,), 'features': (-6.4591026, -1.1468934)}]","[{'name': '1709089268746-71', 'genom': [-0.9603044213048433, 0.9076350333190544, 0.11361399338695155, -0.7494505312040394, 0.36047063600300855, -0.4357446198955788, -0.9779352375798345, -0.10251021723934084, 0.39437883760740644, 0.5766602447470153, 0.971342368803914, 0.8298360722491998, -0.16705870817746327, -0.5239056117470484, 0.7016757222012411, 0.6184506986873473, 0.5401731358729418, -0.14645853999892267, 0.6620437910153774, 0.3706757182949123, -0.6131413258467737, 0.6067079416147576, 0.09228309824341663, 0.3121108707235771, -0.8564574656437585, -0.8421709942294164, 0.20606429337969145], 'fitness': (0.9596908569335938,), 'features': (-6.9609604, -0.41331753)}]","[{'name': '1709091651192-419', 'genom': [-0.13944928374001697, 0.00825767901878649, 0.5546257560948922, 0.8905208685058568, -0.2690558094464366, -0.5514870631179274, -0.9531539517424998, 0.9241084290685686, 0.3299121142594006, 0.6916535460183153, 0.7348590971306226, 0.6589023323134833, -0.4354729545906859, -0.35657436850639046, -0.09891070458659357, -0.1550611523088692, 0.7532683059250247, -0.41342653315737876, -0.5043450229096995, 0.05986315548144461, 0.26044569196407186, -0.5962673937265133, 0.9285326004488583, -0.47157307390917325, -0.24073199112819466, -0.6598209019546528, 0.633972008125359], 'fitness': (0.9725047535366482,), 'features': (-6.6781745, 0.6923583)}]","[{'name': '1709117041226-4141', 'genom': [-0.845052343588715, 0.5842348658908592, 0.5590526555482898, 0.6536445389906829, 0.5712410374363899, 0.7528184930325783, 0.7947137379467326, 0.8718908513463215, -0.3642595381455249, 0.632998823476836, -0.40989698425986165, -0.22948649880345817, 0.9168075681981178, -0.0973353213883299, -0.16266711367107822, 0.8266411291784121, 0.7053907982471281, 0.13341520234701987, -0.06377924350632491, -0.7384694471893827, 0.7257121958612933, 0.3205241811370596, -0.5605195951147961, 0.29248414379829546, 0.5518841572473221, -0.9592046805106018, -0.6247533545291535], 'fitness': (0.9909455915292104,), 'features': (-6.288475, 1.5509188)}]","[{'name': '1709089268746-71', 'genom': [-0.9907820970465524, 0.9076350333190544, 0.10500236790496964, -0.7494505312040394, 0.4418927795510472, -0.31758708605956176, -0.9779352375798345, -0.07468948309559331, 0.6295241589866369, 0.5876996311323253, 0.5522995462577567, 0.7295619651243206, -0.16705870817746327, -0.44348040975316105, 0.7441154604358402, 0.7983417697338868, 0.5982432615170832, -0.1006835323730848, 0.7441260900224971, 0.3706757182949123, -0.6493224774858772, 0.6046070222647171, 0.09228309824341663, 0.3144295183844692, -0.818434537008532, -0.8279312408421591, 0.2685282526937447], 'fitness': (0.999520778697398,), 'features': (-6.5563126, 2.269981)}]","[{'name': '1709091651192-419', 'genom': [-0.13944928374001697, 0.00825767901878649, 0.5546257560948922, 0.8905208685058568, -0.26177409474139757, -0.5514870631179274, -0.9531539517424998, 0.9241084290685686, 0.3299121142594006, 0.5931164868354744, 0.7348590971306226, 0.6589023323134833, -0.4354729545906859, -0.35657436850639046, -0.09891070458659357, -0.1550611523088692, 0.8423110050358285, -0.41342653315737876, -0.5043450229096995, -0.18161825422939915, 0.20403626793033225, -0.5962673937265133, 0.9098522970210703, -0.47157307390917325, -0.30635146277448944, -0.6089451592320181, 0.633972008125359], 'fitness': (0.9935896754264831,), 'features': (-6.378307, 3.4464617)}]","[{'name': '1709089268746-71', 'genom': [-0.9801466414014623, 0.9076350333190544, 0.20923867681253028, -0.6885641194511609, 0.2993787819375686, -0.33018313325865467, -0.6855525504431221, -0.07045817211283523, 0.6295241589866369, 0.5281099129764002, 0.9864825658651213, 0.7615618609090364, -0.3203287217292794, -0.5177395869621733, 0.7628674012449941, 0.7983417697338868, 0.9227125567342043, 0.05020773819933244, 0.7970175743700287, 0.4622244084881515, -0.96265012508992, 0.6046070222647171, 0.3472819638560447, 0.15825560862401833, -0.818434537008532, -0.9503222304847698, 0.2584234653604818], 'fitness': (0.9891044411394331,), 'features': (-6.552777, 4.438155)}]","[{'name': '1709091987101-467', 'genom': [0.5824434682856667, 0.34931865754418356, 0.39824026179500627, 0.8578564091722303, -0.5023049631818968, -0.020142025410249342, 0.07950050917808404, 0.4015586805009064, -0.35259904303730805, 0.7871400555681065, 0.4536626659457994, -0.9480136561993844, -0.8651806559644675, 0.19659501060152107, 0.7612349408865362, 0.25172446036045026, 0.45179687726581896, 0.927634439277353, 0.07406051277371528, -0.954421758389294, 0.06758136160214012, -0.34485517439293045, 0.5470123411189789, -0.8684181829873272, -0.3591039875169515, 0.396780679575788, 0.5984241134056969], 'fitness': (0.9803439034356012,), 'features': (-6.051885, 5.132664)}]","[{'name': '1709091987101-467', 'genom': [0.8012010773754221, 0.38348410361520613, 0.39824026179500627, 0.8578564091722303, -0.4610268225300451, -0.020142025410249342, 0.07950050917808404, 0.5154759649375609, -0.35259904303730805, 0.8420842525044263, 0.29533393845790057, -0.9480136561993844, -0.8651806559644675, 0.19659501060152107, 0.592034914351983, 0.23696465707893632, 0.45179687726581896, 0.9059902036612195, 0.14838522382257047, -0.954421758389294, 0.13492006153839475, -0.23553719167062348, 0.5470123411189789, -0.8684181829873272, -0.06130432270947739, 0.396780679575788, 0.5984241134056969], 'fitness': (0.8574237823486328,), 'features': (-6.2428164, 6.8997645)}]","[{'name': '1709089023701-35', 'genom': [0.9107107524992917, 0.9881157116394628, 0.4149140147931938, -0.44021141280133635, -0.6093804158199192, 0.03929110472150632, 0.8820455004365482, 0.025794371104482572, 0.02286370043496344, 0.19179633941494378, -0.5316201476104316, -0.3410616265345445, -0.36634278858035585, -0.5081163185174191, 0.9302835732963814, 0.38577825158749257, -0.9535865372420933, 0.7462167868086902, 0.5076653351475366, 0.0010208244057654525, -0.35605616266263596, -0.9074345448753385, 0.7054439766021021, 0.1746986559903101, -0.19118306188778167, 0.6225379307940464, 0.12455110250153512], 'fitness': (0.9576653798421224,), 'features': (-6.6774735, 7.9286714)}]","[{'name': '1709111443187-3323', 'genom': [-0.07114258603907375, 0.7580561323865713, 0.30363374946864763, -0.32297754753502605, 0.04090678350224786, -0.43279585052368663, 0.8215136751604277, -0.5731723369381101, -0.304336974944049, 0.44591244145853004, 0.6060506188845431, 0.7330925127420485, -0.51576470753204, 0.14952741213148846, -0.27362297933375546, -0.3844716747914232, -0.02725584292774741, 0.8493951050278286, -0.4142355166983227, -0.40854217895092204, -0.8063269126765267, -0.21098132555342097, -0.19138730697671358, -0.8136594934190382, 0.8238628487639175, -0.548736973686061, -0.8230525064129224], 'fitness': (0.876690853966607,), 'features': (-6.854999, 8.504026)}]",[]
4,"[{'name': '1709093495745-691', 'genom': [-0.9708237343194008, 0.8798783117057709, 0.9976396267221079, -0.9630122598981774, -0.46276670619352234, 0.07918528184571172, 0.6920065911905529, 0.39851835092899845, 0.6686493965322524, 0.010355099627541442, -0.9660606095000859, 0.5359138150435923, -0.5131025679099548, 0.8993286095377149, 0.630176913197116, -0.6207908615403939, 0.18814100274547152, 0.6583900658770578, 0.16734262767787222, 0.9423565578646678, -0.011758494481451498, 0.03414937186510736, 0.11016552603961682, -0.2179461364330968, 0.35641058936429837, -0.26292523253529065, -0.6750758960648429], 'fitness': (0.9972347577412923,), 'features': (-5.118015, -9.264913)}]","[{'name': '1709099023965-1510', 'genom': [0.3472212492038276, 0.8341862584249276, 0.9992978058536708, -0.5965548935959679, -0.4832905605681863, 0.06835306415435305, 0.9978707198091255, 0.36073804852290325, -0.6974639820924478, 0.9424069012071223, -0.4959064291794826, 0.5533612189091708, 0.4640844730822944, -0.01962069920707954, -0.9036565352931034, 0.43239492232723387, 0.9952652369472395, 0.16494400062378656, -0.01015358619000395, -0.5021666753633736, 0.6669987895287588, -0.09161759037798345, 0.44555881294671873, 0.5943211127758923, -0.44658172079105873, -0.3962003198082744, -0.16611499636710292], 'fitness': (0.9152794202168782,), 'features': (-5.037136, -8.169718)}]","[{'name': '1709111362959-3311', 'genom': [0.5962337803952018, 0.5394306925812331, -0.13184069337376125, -0.7752638530927078, 0.6803068844092124, -0.42561944418068465, -0.6419141856664083, 0.884078568232143, -0.5868216561684667, -0.5657365822686227, -0.7808113481174912, 0.07338342009882393, -0.8588094661800119, -0.0051759263243713605, -0.5659428420999082, -0.19127684222808927, 0.444355430718566, -0.4859434384948649, -0.10448540647498716, 0.45903548309787423, 0.5931986417411479, 0.7577165225788223, 0.3847759848102723, -0.519397440575925, 0.4964810185054387, 0.002741720662673419, -0.2231903106987465], 'fitness': (0.9861935284402635,), 'features': (-5.441521, -7.1628695)}]","[{'name': '1709111362959-3311', 'genom': [0.5962337803952018, 0.5394306925812331, -0.13184069337376125, -0.8513019004639804, 0.6803068844092124, -0.42561944418068465, -0.674659371591827, 0.884078568232143, -0.5851282743771489, -0.5657365822686227, -0.7808113481174912, 0.1386574960999909, -0.8588094661800119, -0.0051759263243713605, -0.5659428420999082, -0.19127684222808927, 0.444355430718566, -0.4859434384948649, -0.10448540647498716, 0.4550471022200937, 0.5931986417411479, 0.6100979649831164, 0.3847759848102723, -0.4621064371144077, 0.4964810185054387, 0.002741720662673419, -0.2231903106987465], 'fitness': (0.9970577094289992,), 'features': (-5.70713, -6.1437745)}]","[{'name': '1709111362959-3311', 'genom': [0.5962337803952018, 0.5394306925812331, -0.21553232138051426, -0.7752638530927078, 0.6803068844092124, -0.42561944418068465, -0.6419141856664083, 0.884078568232143, -0.5868216561684667, -0.5657365822686227, -0.7808113481174912, 0.07338342009882393, -0.8588094661800119, 0.08708154264667267, -0.5659428420999082, -0.19127684222808927, 0.444355430718566, -0.4859434384948649, -0.09264054778971698, 0.45903548309787423, 0.5931986417411479, 0.7577165225788223, 0.3847759848102723, -0.519397440575925, 0.4964810185054387, 0.002741720662673419, -0.2231903106987465], 'fitness': (0.9475148783789741,), 'features': (-5.567515, -5.574867)}]","[{'name': '1709119849267-4551', 'genom': [0.06574390295861665, -0.09521113230054556, -0.0841503221713844, 0.9064921163315642, -0.4178872950989192, -0.2507524474301499, -0.6685460379320254, -0.8060870552439181, 0.8375549163388389, -0.274470610398337, -0.44080619515576536, 0.39818240440208696, 0.6536126564904134, 0.5810658292915265, -0.150445224435948, 0.7148871037307913, -0.8394106565435049, 0.03809112894573019, 0.004559341856218424, -0.9917356337036796, -0.2952034947955271, 0.7631502868024338, -0.5101311582431427, 0.08068300624551594, -0.9635076301332186, -0.10273428240770177, -0.29675272194018176], 'fitness': (0.9880402856402927,), 'features': (-5.090013, -4.1016793)}]","[{'name': '1709112914876-3541', 'genom': [0.7297834885100625, -0.20305125488616604, -0.28453958082577, -0.534158880315045, 0.1505431384903837, -0.38105454490074697, -0.8691456223967933, -0.4272373262123532, 0.35378230968284696, 0.8781689398153725, -0.6856838802755647, 0.3906175813078687, 0.02795188244616509, 0.777875328972224, 0.5666242221030353, 0.8139400005792685, -0.2973369973650868, -0.9094751760392645, 0.36127446135639163, 0.30058121266597815, 0.9050818496591837, -0.8783440523012314, 0.2670645543724701, -0.7770299303691564, 0.6358969295318102, 0.8477984772225751, 0.40628553165936965], 'fitness': (0.9457906723022461,), 'features': (-5.39644, -3.2888448)}]","[{'name': '1709107632470-2765', 'genom': [-0.9831484695212982, 0.6505944883752237, -0.10260274018438387, -0.8281058414362457, 0.329401956401854, 0.7861792317036103, 0.3829610162511019, 0.7766553826617595, -0.0794308441274576, 0.35035414558187994, -0.004080092158795123, -0.35539512800800077, -0.1422982811137128, -0.4437411964618241, 0.2363304491486502, 0.8002357640312001, 0.15015676592084692, -0.994683909921305, -0.1837637516575379, -0.1676871322099318, -0.6167835017931749, 0.39610691673647014, 0.03327134336456061, 0.6486628049908896, -0.8610279122114295, 0.14835378356123075, -0.6958906762095687], 'fitness': (0.930851067437066,), 'features': (-5.0822415, -2.8202248)}]","[{'name': '1709122222687-4904', 'genom': [0.14596974369023297, 0.03955435508540939, 0.4644810964536674, -0.5531475885126613, 0.7408395283141735, -0.5586264011628579, -0.2727987022399885, -0.26884832232372236, 0.6245343942568691, 0.08523906122158453, 0.8085437037818699, -0.04426440512555385, -0.38663879560807657, -0.9704228102640253, -0.9098015327679863, 0.8734908264899124, -0.503429345025151, 0.2048938728112193, 0.34350905671430154, 0.1988321191109108, -0.13428475699969544, -0.17872773613101756, -0.6875727491412456, -0.5055275076399885, -0.9046940018595595, -0.7180003819079885, -0.5150392102872505], 'fitness': (0.9738005744086371,), 'features': (-5.2355285, -1.2705575)}]","[{'name': '1709107632470-2765', 'genom': [-0.9831484695212982, 0.6505944883752237, -0.10260274018438387, -0.8281058414362457, 0.329401956401854, 0.7861792317036103, 0.3829610162511019, 0.7766553826617595, -0.13274809786943442, 0.35035414558187994, 0.0722276472626493, -0.35539512800800077, -0.1422982811137128, -0.4437411964618241, 0.2363304491486502, 0.8002357640312001, 0.15015676592084692, -0.994683909921305, -0.1837637516575379, -0.1676871322099318, -0.8581903953131234, 0.39610691673647014, 0.03327134336456061, 0.6486628049908896, -0.8745766517630866, 0.14835378356123075, -0.6958906762095687], 'fitness': (0.9857794112629361,), 'features': (-5.296041, -0.81548727)}]","[{'name': '1709089268746-71', 'genom': [-0.9689829623802577, 0.9076350333190544, 0.11361399338695155, -0.6986172958130115, 0.36047063600300855, -0.4357446198955788, -0.9779352375798345, -0.10251021723934084, 0.39437883760740644, 0.47498996097402335, 0.9996204734813823, 0.8298360722491998, -0.16705870817746327, -0.5239056117470484, 0.7016757222012411, 0.6184506986873473, 0.5401731358729418, -0.11225701431261204, 0.6620437910153774, 0.3706757182949123, -0.6131413258467737, 0.6067079416147576, 0.09228309824341663, 0.41545274707470936, -0.8564574656437585, -0.8421709942294164, 0.1731855503825257], 'fitness': (0.9840184105767145,), 'features': (-5.5510545, 0.5134398)}]","[{'name': '1709089268746-71', 'genom': [-0.9801466414014623, 0.9451913011413431, 0.10500236790496964, -0.7494505312040394, 0.4957499761664024, -0.31363962399236756, -0.9779352375798345, -0.07468948309559331, 0.6295241589866369, 0.6252399108282318, 0.9864825658651213, 0.792088050902743, -0.16705870817746327, -0.5177395869621733, 0.8694891637319859, 0.7983417697338868, 0.6166398955908348, -0.10071956128541948, 0.7441260900224971, 0.49487238481419915, -0.7919984573322385, 0.6917666375013563, 0.319644694487478, 0.15825560862401833, -0.818434537008532, -0.9503222304847698, 0.2584234653604818], 'fitness': (0.9961955361896091,), 'features': (-5.0665617, 1.778682)}]","[{'name': '1709089268746-71', 'genom': [-0.769428057075672, 0.9076350333190544, 0.09343788846990875, -0.7494505312040394, 0.34233951046461386, -0.5263540008742136, -0.9779352375798345, -0.07468948309559331, 0.5007793827209062, 0.47498996097402335, 0.9864825658651213, 0.8055680376617935, -0.07954054562841528, -0.5177395869621733, 0.9232742679424546, 0.8409837509123608, 0.6166398955908348, -0.1006835323730848, 0.7441260900224971, 0.3706757182949123, -0.7919984573322385, 0.6046070222647171, 0.09228309824341663, 0.24065413400903868, -0.8564574656437585, -0.9586896903462117, 0.3424312121244575], 'fitness': (0.9921481741799248,), 'features': (-5.272356, 2.645542)}]","[{'name': '1709089268746-71', 'genom': [-0.9801466414014623, 0.9451913011413431, 0.10500236790496964, -0.7494505312040394, 0.4957499761664024, -0.31363962399236756, -0.9779352375798345, -0.07468948309559331, 0.6295241589866369, 0.6252399108282318, 0.9877732249911935, 0.792088050902743, -0.16705870817746327, -0.5177395869621733, 0.8694891637319859, 0.7983417697338868, 0.6495882606984136, -0.10071956128541948, 0.7029675253221328, 0.49487238481419915, -0.7919984573322385, 0.6917666375013563, 0.319644694487478, 0.15825560862401833, -0.8423837759756014, -0.8697876260241162, 0.2584234653604818], 'fitness': (0.9936934351921082,), 'features': (-5.570872, 3.4843497)}]","[{'name': '1709117041226-4141', 'genom': [-0.7712706485455278, 0.5842348658908592, 0.6044225928670284, 0.6536445389906829, 0.5712410374363899, 0.7528184930325783, 0.7947137379467326, 0.9266287144361105, -0.2676869831957358, 0.632998823476836, -0.40989698425986165, -0.2256728529616545, 0.9168075681981178, -0.0973353213883299, -0.20967835337545604, 0.7110910425923613, 0.7814452919489796, 0.1574059183904768, -0.06377924350632491, -0.7384694471893827, 0.9054700480044369, 0.5213286570526967, -0.6157779694514014, 0.29811123788666727, 0.5780912589663387, -0.9722861232616511, -0.49814215757887825], 'fitness': (0.9977554274929894,), 'features': (-5.413772, 4.1901493)}]","[{'name': '1709111443187-3323', 'genom': [0.00020093054733760773, 0.7580561323865713, 0.23359559999035806, -0.4558405084954249, -0.23180185918257434, -0.5945813449547481, 0.8215136751604277, -0.5731723369381101, -0.304336974944049, 0.5412652123061408, 0.41067178249492464, 0.7330925127420485, -0.5960949317044011, -0.1419126608082253, -0.27362297933375546, -0.3857142629308914, -0.2593765246390498, 0.8493951050278286, -0.4142355166983227, -0.41503367302840166, -0.6904475260304346, -0.11626273824474165, -0.19138730697671358, -0.7804024130285081, 0.8238628487639175, -0.6319625009551766, -0.8770866481149757], 'fitness': (0.9828717496660021,), 'features': (-5.0618896, 5.9625125)}]","[{'name': '1709138881987-7371', 'genom': [0.7504972683967484, 0.6272137884070541, -0.7613897134267626, -0.5707535610224956, 0.777031439596628, 0.606099252476771, -0.028470811625225467, 0.4452972655809919, 0.5701119288690317, -0.15377617327303894, -0.05642160898125592, -0.852138472986584, -0.8689416044159608, 0.7737012364698825, 0.5329427656394372, 0.09239425485378372, 0.7561378620969565, -0.9636346074070152, 0.22039245973954724, 0.25788271146979724, -0.704603257236337, -0.8621432191617193, 0.5799249452652786, -0.6994373596901116, 0.5357259818990543, 0.24881173188737638, -0.4098758579953441], 'fitness': (0.786096911960178,), 'features': (-5.840784, 6.2975044)}]","[{'name': '1709111443187-3323', 'genom': [0.00020093054733760773, 0.7580561323865713, 0.23359559999035806, -0.32297754753502605, -0.23180185918257434, -0.5945813449547481, 0.8215136751604277, -0.5731723369381101, -0.304336974944049, 0.39254918352550083, 0.41067178249492464, 0.7330925127420485, -0.5960949317044011, 0.16964329209225903, -0.27362297933375546, -0.3844716747914232, -0.2593765246390498, 0.8493951050278286, -0.4142355166983227, -0.41503367302840166, -0.6904475260304346, -0.19202060248167374, -0.19138730697671358, -0.7804024130285081, 0.8238628487639175, -0.6319625009551766, -0.8770866481149757], 'fitness': (0.9622954554027981,), 'features': (-5.06829, 7.518849)}]","[{'name': '1709111443187-3323', 'genom': [0.021293615049136294, 0.7580561323865713, 0.2848845785671974, -0.32297754753502605, -0.23180185918257434, -0.5945813449547481, 0.8402301254496367, -0.5731723369381101, -0.304336974944049, 0.32965428924187323, 0.41067178249492464, 0.7330925127420485, -0.5960949317044011, 0.16964329209225903, -0.27362297933375546, -0.3844716747914232, -0.2593765246390498, 0.8493951050278286, -0.3750884954115983, -0.41503367302840166, -0.6904475260304346, -0.19202060248167374, -0.19138730697671358, -0.7804024130285081, 0.7035340331087172, -0.6319625009551766, -0.8770866481149757], 'fitness': (0.9013702392578125,), 'features': (-5.697942, 8.688636)}]","[{'name': '1709098271369-1399', 'genom': [0.9448243681919601, 0.7452552374117236, -0.5509260739348427, 0.5181667016805647, 0.8321903041258956, 0.29031075208409507, -0.13529504820012161, -0.49122395750197745, 0.6238726890001995, 0.38288819299848464, 0.07391735496979268, -0.18249922866300183, -0.953684252507113, -0.28598372992156973, 0.2924909470399917, -0.7041290302173506, -0.13773298132904266, 0.4148118104052745, -0.76966371343079, 0.2991782291263825, 0.6841390748665008, 0.47123650554390273, -0.0662312101882514, 0.6419592823066529, 0.0019692136659617, -0.0232052298140224, -0.4980200462079618], 'fitness': (0.9896801206800673,), 'features': (-5.005405, 9.204783)}]"
5,"[{'name': '1709095345341-965', 'genom': [0.8220129816994255, 0.7977369195216579, 0.31699855171747715, 0.19935535104343782, -0.6806385232609216, 0.7237707794802455, -0.660071696731219, 0.2453438488185351, -0.5803804827607795, 0.13628040715116851, -0.36320974130604156, 0.3501582783989794, -0.25727943692064503, 0.6495830042135253, 0.8636382416070856, -0.3366882395987487, -0.034923936112951415, 0.13691816796326028, 0.32554131587424573, -0.7289083243776182, -0.29538607719755317, 0.31983303313414924, 0.9346965229023694, -0.09864340589055098, -0.370842809629206, -0.3349951433443923, -0.6330110945694609], 'fitness': (0.9668773227267795,), 'features': (-4.07115, -9.154091)}]",[],"[{'name': '1709099023965-1510', 'genom': [0.3472212492038276, 0.8341862584249276, 0.9664462851435527, -0.5965548935959679, -0.4832905605681863, 0.06835306415435305, 0.9978707198091255, 0.36073804852290325, -0.4866770380636447, 0.9424069012071223, -0.4959064291794826, 0.5533612189091708, 0.4640844730822944, -0.01962069920707954, -0.9036565352931034, 0.43239492232723387, 0.9952652369472395, 0.16494400062378656, -0.01015358619000395, -0.4502000335619498, 0.6669987895287588, -0.09161759037798345, 0.44555881294671873, 0.5943211127758923, -0.37274613714759974, -0.3962003198082744, -0.16611499636710292], 'fitness': (0.9552375846438937,), 'features': (-4.0513005, -7.7418323)}]","[{'name': '1709111362959-3311', 'genom': [0.5962337803952018, 0.44516411228757957, -0.30032282103284946, -0.7752638530927078, 0.4025813495748618, -0.569795464105354, -0.6419141856664083, 0.884078568232143, -0.6652123120592988, -0.46571392265731815, -0.7808113481174912, 0.07338342009882393, -0.9202891717706194, 0.06047109313472476, -0.5659428420999082, -0.19127684222808927, 0.5159133891369421, -0.4859434384948649, 0.05274408394335506, 0.5030694302907455, 0.5931986417411479, 0.6583231393068123, 0.3847759848102723, -0.519397440575925, 0.7793891943003357, 0.002741720662673419, -0.2231903106987465], 'fitness': (0.9899374074406094,), 'features': (-4.7760625, -6.1579766)}]","[{'name': '1709144675458-8208', 'genom': [-0.39743514862312823, 0.4227877647662952, 0.5882645374993949, 0.4170014412682552, 0.6587153666667525, 0.39406290647812603, -0.2675168578748912, -0.3315249362612549, -0.9650782852402031, -0.955479151672443, -0.12663393945771517, -0.36766055018401955, -0.8115962801911267, -0.25006399874074403, -0.23281539942701213, -0.14036694526387916, 0.31260262038470166, -0.7288644248507035, -0.674441096918921, -0.9304108261672159, 0.30113861969732847, 0.22990641902903097, -0.5131247853161502, -0.9621219215801109, -0.7650073804212572, -0.9504120721151579, 0.8833704541284484], 'fitness': (0.9840312321980794,), 'features': (-4.426402, -5.373549)}]","[{'name': '1709090780825-293', 'genom': [0.49599698901908407, 0.32049993652238773, -0.1707264810318545, 0.17037210894444965, 0.7721565127160228, -0.8779609251266718, -0.3325968149738787, 0.308206817778512, 0.6405209806454126, -0.7845528399724715, -0.7843418604729564, -0.608990616370612, 0.19086776624679813, 0.9527575312949921, -0.6807933774191433, -0.5096655420548009, -0.060872885023125045, -0.6106005383110469, 0.8416142926811596, -0.06237282252305132, -0.5425294036989283, -0.22161109673835355, 0.7028436969896321, -0.3917976378861501, -0.8589491326025764, -0.3061305194793824, 0.8471732106836449], 'fitness': (0.9781918790605333,), 'features': (-4.156645, -4.1786985)}]","[{'name': '1709090780825-293', 'genom': [0.49599698901908407, 0.4558421587615049, -0.1707264810318545, 0.11081791864577784, 0.9480929292317652, -0.8779609251266718, -0.3325968149738787, 0.308206817778512, 0.6405209806454126, -0.7845528399724715, -0.5811032928708966, -0.608990616370612, 0.1096995016795761, 0.8612348956781493, -0.6807933774191433, -0.537398245064505, -0.060872885023125045, -0.6106005383110469, 0.928472033575308, -0.06237282252305132, -0.6516375795054543, -0.22965059585561942, 0.6614883149021931, -0.3344163178398307, -0.8589491326025764, -0.3061305194793824, 0.7714751384094494], 'fitness': (0.9667840348349677,), 'features': (-4.7413645, -3.7897618)}]","[{'name': '1709112914876-3541', 'genom': [0.7297834885100625, -0.20305125488616604, -0.28453958082577, -0.5298506348423775, 0.1505431384903837, -0.16602628250632612, -0.8691456223967933, -0.4272373262123532, 0.35378230968284696, 0.8781689398153725, -0.5196772813663804, 0.3906175813078687, 0.02795188244616509, 0.777875328972224, 0.5666242221030353, 0.8139400005792685, -0.2973369973650868, -0.9094751760392645, 0.36127446135639163, 0.30058121266597815, 0.9050818496591837, -0.8783440523012314, 0.2670645543724701, -0.7770299303691564, 0.6095856625241991, 0.8477984772225751, 0.40628553165936965], 'fitness': (0.9754692263073391,), 'features': (-4.8159146, -2.9450483)}]","[{'name': '1709090780825-293', 'genom': [0.49599698901908407, 0.4558421587615049, -0.1707264810318545, 0.11081791864577784, 0.9480929292317652, -0.8779609251266718, -0.3325968149738787, 0.31872120079653254, 0.6405209806454126, -0.7845528399724715, -0.7046389556813633, -0.608990616370612, 0.1096995016795761, 0.8612348956781493, -0.6807933774191433, -0.537398245064505, -0.060872885023125045, -0.6106005383110469, 0.928472033575308, -0.06237282252305132, -0.6516375795054543, -0.22965059585561942, 0.6614883149021931, -0.3405003454680353, -0.8589491326025764, -0.3061305194793824, 0.7714751384094494], 'fitness': (0.9985260142220391,), 'features': (-4.603754, -1.9501916)}]","[{'name': '1709112914876-3541', 'genom': [0.7297834885100625, -0.20305125488616604, -0.28453958082577, -0.534158880315045, 0.1505431384903837, -0.38105454490074697, -0.8691456223967933, -0.4272373262123532, 0.35378230968284696, 0.9965648517001255, -0.6856838802755647, 0.3906175813078687, 0.02795188244616509, 0.777875328972224, 0.5666242221030353, 0.8139400005792685, -0.2973369973650868, -0.9989892136973719, 0.36127446135639163, 0.30058121266597815, 0.9050818496591837, -0.8783440523012314, 0.3819038867031741, -0.7770299303691564, 0.6358969295318102, 0.8477984772225751, 0.28010614908209597], 'fitness': (0.9820871406131321,), 'features': (-4.0557103, -0.69533867)}]","[{'name': '1709091651192-419', 'genom': [-0.13944928374001697, 0.00825767901878649, 0.5416947134462504, 0.6003096635358081, -0.26177409474139757, -0.5514870631179274, -0.9531539517424998, 0.9241084290685686, 0.3299121142594006, 0.5931164868354744, 0.7348590971306226, 0.6589023323134833, -0.4354729545906859, -0.35657436850639046, -0.09891070458659357, -0.11004090048558979, 0.8423110050358285, -0.41342653315737876, -0.5043450229096995, -0.18161825422939915, 0.20403626793033225, -0.5962673937265133, 0.8399237590013791, -0.47157307390917325, -0.30635146277448944, -0.6089451592320181, 0.633972008125359], 'fitness': (0.881793721516927,), 'features': (-4.2395344, 0.8143048)}]","[{'name': '1709089268746-71', 'genom': [-0.7460959614288096, 0.9076350333190544, 0.09343788846990875, -0.7133158060741625, 0.34233951046461386, -0.5226096618359131, -0.9779352375798345, -0.07468948309559331, 0.5007793827209062, 0.4656304347944231, 0.990004604616058, 0.7761019821792723, 0.051446686338292746, -0.4258022761758573, 0.8479689846427358, 0.8409837509123608, 0.6166398955908348, -0.2798343244421533, 0.9225010069959465, 0.3706757182949123, -0.7873692977086508, 0.6046070222647171, 0.07020007571122311, 0.24065413400903868, -0.9591478320651543, -0.9586896903462117, 0.41970978704807527], 'fitness': (0.9928235583835178,), 'features': (-4.8518157, 1.6684767)}]","[{'name': '1709089268746-71', 'genom': [-0.8818990867932692, 0.9076350333190544, 0.11501223726182719, -0.7494505312040394, 0.36047063600300855, -0.4357446198955788, -0.9779352375798345, -0.10251021723934084, 0.39437883760740644, 0.47498996097402335, 0.9996204734813823, 0.8298360722491998, -0.16705870817746327, -0.5239056117470484, 0.7016757222012411, 0.7617052381277636, 0.5401731358729418, -0.21896703238592363, 0.6620437910153774, 0.3706757182949123, -0.6869578786035966, 0.6046070222647171, 0.09228309824341663, 0.2828067135460899, -0.8564574656437585, -0.8421709942294164, 0.3424312121244575], 'fitness': (0.9920428918467628,), 'features': (-4.961489, 2.4834704)}]","[{'name': '1709091987101-467', 'genom': [0.7097041103640913, 0.20955835346385188, 0.7223254842221076, 0.726125241642567, -0.5788734665331856, -0.020142025410249342, 0.07133963804529242, 0.6281374832401148, -0.35259904303730805, 0.8973182162105691, 0.3504951160412073, -0.9480136561993844, -0.8651806559644675, 0.23408710266571542, 0.5589152074925798, 0.25172446036045026, 0.45179687726581896, 0.9059902036612195, 0.14838522382257047, -0.954421758389294, 0.06198076510194417, -0.23553719167062348, 0.5470123411189789, -0.8684181829873272, -0.08461717653690881, 0.396780679575788, 0.5984241134056969], 'fitness': (0.9963277816772461,), 'features': (-4.802284, 3.385624)}]","[{'name': '1709117041226-4141', 'genom': [-0.8741899252156058, 0.5842348658908592, 0.5590526555482898, 0.6536445389906829, 0.5712410374363899, 0.7528184930325783, 0.7947137379467326, 0.8718908513463215, -0.3642595381455249, 0.7054189862872444, -0.40989698425986165, -0.22948649880345817, 0.9326669837519674, -0.0973353213883299, -0.16266711367107822, 0.8266411291784121, 0.6829992721913785, 0.15727212205269958, 0.08413725885308487, -0.7384694471893827, 0.7257121958612933, 0.3205241811370596, -0.5605195951147961, 0.29248414379829546, 0.5518841572473221, -0.9385454638502295, -0.5074270021965936], 'fitness': (0.9751667817433675,), 'features': (-4.828254, 4.9752464)}]","[{'name': '1709089268746-71', 'genom': [-0.8818990867932692, 0.9076350333190544, 0.11361399338695155, -0.7494505312040394, 0.36047063600300855, -0.4357446198955788, -0.9779352375798345, -0.10251021723934084, 0.39437883760740644, 0.47498996097402335, 0.9996204734813823, 0.8298360722491998, -0.16705870817746327, -0.5239056117470484, 0.7016757222012411, 0.6987297226324014, 0.5401731358729418, -0.14645853999892267, 0.6620437910153774, 0.3706757182949123, -0.6131413258467737, 0.6046070222647171, 0.09228309824341663, 0.2828067135460899, -0.8564574656437585, -0.8421709942294164, 0.1731855503825257], 'fitness': (0.9804834948645698,), 'features': (-4.2156935, 5.1614122)}]","[{'name': '1709098271369-1399', 'genom': [0.9448243681919601, 0.8031442163068012, -0.6497909954315735, 0.5181667016805647, 0.8321903041258956, 0.2548094919767474, -0.13529504820012161, -0.49122395750197745, 0.21876373828410411, 0.38288819299848464, -0.18758631223236577, -0.20889908339857555, -0.8435197637437521, -0.41819142019479605, 0.2573893064764998, -0.7041290302173506, -0.13773298132904266, 0.4148118104052745, -0.719012998935133, 0.16427769571372752, 0.6344817791396977, 0.5251417496712025, -0.0662312101882514, 0.6419592823066529, -0.21809330527944404, 0.12374999533042352, -0.4980200462079618], 'fitness': (0.9863716125488281,), 'features': (-4.7457438, 6.640799)}]","[{'name': '1709091987101-467', 'genom': [0.7097041103640913, 0.34931865754418356, 0.39824026179500627, 0.8578564091722303, -0.4610268225300451, -0.020142025410249342, 0.07950050917808404, 0.5154759649375609, -0.35259904303730805, 0.8973182162105691, 0.29533393845790057, -0.9480136561993844, -0.8651806559644675, 0.19659501060152107, 0.592034914351983, 0.25172446036045026, 0.45179687726581896, 0.9059902036612195, 0.14838522382257047, -0.954421758389294, 0.06198076510194417, -0.23553719167062348, 0.5470123411189789, -0.8684181829873272, -0.06130432270947739, 0.396780679575788, 0.5984241134056969], 'fitness': (0.9305988046858046,), 'features': (-4.0006356, 7.8945827)}]","[{'name': '1709111443187-3323', 'genom': [-0.10039864627556971, 0.7580561323865713, 0.2848845785671974, -0.32297754753502605, -0.23180185918257434, -0.5978236444624505, 0.8402301254496367, -0.48835913752674576, -0.304336974944049, 0.32965428924187323, 0.41067178249492464, 0.7330925127420485, -0.5960949317044011, 0.16964329209225903, -0.27362297933375546, -0.3844716747914232, -0.2593765246390498, 0.8493951050278286, -0.3750884954115983, -0.41503367302840166, -0.6904475260304346, -0.19202060248167374, -0.19138730697671358, -0.7804024130285081, 0.7035340331087172, -0.6319625009551766, -0.8770866481149757], 'fitness': (0.9908337758647071,), 'features': (-4.363865, 8.96919)}]","[{'name': '1709089023701-35', 'genom': [0.9107107524992917, 0.9796625130566383, 0.4149140147931938, -0.44021141280133635, -0.6093804158199192, 0.076455659663766, 0.8820455004365482, 0.025794371104482572, -0.011057578388978362, 0.17654152512936472, -0.5316201476104316, -0.3410616265345445, -0.36634278858035585, -0.5081163185174191, 0.9302835732963814, 0.38577825158749257, -0.8248412936369198, 0.7524392062108469, 0.6462485604809425, -0.23993149510214273, -0.35605616266263596, -0.9074345448753385, 0.7054439766021021, 0.1746986559903101, -0.19118306188778167, 0.6225379307940464, -0.10926720503808895], 'fitness': (0.9864121119181315,), 'features': (-4.3686204, 9.010261)}]"
6,"[{'name': '1709095197147-943', 'genom': [0.9501773982253963, -0.012082069905968273, 0.8373930347821419, -0.7846217421349557, 0.40213511881027486, 0.5085977292184254, 0.9365947600320679, 0.46759472351417286, -0.3524516266935134, 0.6935769265777902, -0.7752684841781547, -0.30709126558236743, 0.6998918915020236, -0.8425242551256273, 0.7188875046652952, 0.9123857138455604, 0.6504841231150464, 0.7012653548365011, 0.17622911758337367, -0.22331788879532155, -0.019958677089797483, -0.7001240817117174, 0.9778476286369819, -0.6658672506581003, -0.14264906400057353, -0.6688522479542596, 0.03922588053555609], 'fitness': (0.9748266114128961,), 'features': (-3.2342844, -9.9742155)}]","[{'name': '1709095197147-943', 'genom': [0.9501773982253963, -0.012082069905968273, 0.6736322198008826, -0.7846217421349557, 0.40213511881027486, 0.5258247988772289, 0.9365947600320679, 0.46759472351417286, -0.401618183621387, 0.6189395338465862, -0.5204959916748699, -0.30709126558236743, 0.6998918915020236, -0.7627439533460321, 0.7188875046652952, 0.918616792696237, 0.6996921256738962, 0.7012653548365011, 0.17622911758337367, -0.22331788879532155, 0.0032101762505878373, -0.807847907095858, 0.9778476286369819, -0.6658672506581003, -0.14264906400057353, -0.6688522479542596, 0.03922588053555609], 'fitness': (0.9456331464979384,), 'features': (-3.6318653, -8.213361)}]","[{'name': '1709095197147-943', 'genom': [0.951350882573321, -0.2565863302619358, 0.7764754112328027, -0.7846217421349557, 0.40213511881027486, 0.4636782948609659, 0.9365947600320679, 0.37661187218653236, -0.5293374925059444, 0.6840633728765844, -0.5204959916748699, -0.3400216194463981, 0.6950474250058163, -0.7627439533460321, 0.7119605227675483, 0.9123857138455604, 0.6996921256738962, 0.7701546660716132, 0.2045115540983642, -0.22331788879532155, 0.08899195497717116, -0.807847907095858, 0.9778476286369819, -0.6558522927207355, -0.14264906400057353, -0.6112757479417987, 0.06484358713280902], 'fitness': (0.9915502190589904,), 'features': (-3.6951206, -7.216793)}]","[{'name': '1709099023965-1510', 'genom': [0.24431511241674797, 0.9096962238145432, 0.9016044518322022, -0.5083333857678571, -0.36558553563094054, -0.17613851287822202, 0.9969153201163283, 0.229939321967374, -0.4827504227531807, 0.9633491541115242, -0.133464478099675, 0.636589596043025, 0.5022608704281433, 0.05436757290599692, -0.891846364002155, 0.3797805645961476, 0.9948606618114559, 0.015256076589456713, -0.01015358619000395, -0.5159807688147644, 0.6800390230591882, -0.09161759037798345, 0.44555881294671873, 0.5467979333903945, -0.37274613714759974, -0.41319164605665004, -0.20173974433295006], 'fitness': (0.9988101181056764,), 'features': (-3.6999068, -6.015566)}]","[{'name': '1709099023965-1510', 'genom': [0.19359978562951619, 0.9959955767841346, 0.9458854441009046, -0.5083333857678571, -0.5001714708147769, 0.1408785316416432, 0.9885025953807538, 0.4107163657744526, -0.4640500481455603, 0.9646324267389488, -0.5201391148142784, 0.7149722199207618, 0.46798083137982927, 0.05436757290599692, -0.7635690594543587, 0.0836839002590124, 0.9948606618114559, 0.11119149200513445, -0.11500170849338676, -0.5159807688147644, 0.6800390230591882, -0.12528680527002956, 0.49436917661130986, 0.41264330402674276, -0.4184881280175021, -0.5431394548607957, 0.05629350651477494], 'fitness': (0.9420851336585151,), 'features': (-3.3571115, -5.3689413)}]","[{'name': '1709119849267-4551', 'genom': [0.06574390295861665, -0.13074668725776983, -0.0841503221713844, 0.9064921163315642, -0.4178872950989192, -0.2507524474301499, -0.6685460379320254, -0.8060870552439181, 0.8375549163388389, -0.274470610398337, -0.6760981780090256, 0.36760562645216344, 0.6536126564904134, 0.5810658292915265, -0.150445224435948, 0.7148871037307913, -0.7335332684639968, 0.03809112894573019, 0.02674191969823081, -0.9917356337036796, -0.2952034947955271, 0.8898086797534215, -0.5101311582431427, 0.08068300624551594, -0.9635076301332186, -0.08402401613002675, -0.29675272194018176], 'fitness': (0.9927466710408529,), 'features': (-3.8893821, -4.0203424)}]","[{'name': '1709089455007-99', 'genom': [-0.9429425560410996, 0.40763218502070364, 0.6367955942797032, 0.23136992135951462, 0.3088186859156232, -0.729450916871329, -0.08633899018268387, 0.7577409852477905, 0.5295944758816202, -0.25355695807052747, 0.905390181958601, 0.6246929812545754, -0.9480927368858252, -0.5950045088521221, -0.020568970290655075, -0.7061995494160984, -0.27142440680597146, -0.5400568537931363, -0.49610210191510085, -0.8326061606977624, -0.9924464214543711, -0.6976424293663444, -0.03437894789739082, -0.9597989278977253, -0.3341542487371687, 0.327169382635363, 0.7390231413206345], 'fitness': (0.9977437420023813,), 'features': (-3.0157442, -3.0140305)}]","[{'name': '1709089455007-99', 'genom': [-0.9429425560410996, 0.40763218502070364, 0.6367955942797032, 0.23136992135951462, 0.3088186859156232, -0.729450916871329, -0.08633899018268387, 0.7577409852477905, 0.5295944758816202, -0.25355695807052747, 0.905390181958601, 0.6246929812545754, -0.9480927368858252, -0.5950045088521221, 0.03951148592116649, -0.5992752502912311, -0.27142440680597146, -0.530599682237008, -0.4188941237377948, -0.8326061606977624, -0.9924464214543711, -0.6976424293663444, -0.03437894789739082, -0.9597989278977253, -0.3341542487371687, 0.327169382635363, 0.7390231413206345], 'fitness': (0.9854087710380555,), 'features': (-3.5544636, -2.8009691)}]","[{'name': '1709144058043-8117', 'genom': [-0.6473354684178219, 0.6088433558381938, -0.561325551213254, 0.796578310104658, 0.40028946454561454, 0.16242376179548357, 0.3324517728595182, -0.4970610267363742, -0.5040600133437467, 0.9476174928506593, 0.11460820273564454, 0.579410194495461, 0.5004053688859127, -0.10458167631456039, 0.02550862661687403, 0.7985617326618866, -0.9387306219175806, 0.7631487829018715, 0.1343446419824832, -0.1258406566456698, -0.9111203704831574, -0.43460465154598893, -0.5743930709931513, 0.7750688234538206, 0.5997563046471892, -0.012881362010362052, 0.4437899473736997], 'fitness': (0.9989348517523872,), 'features': (-3.3566697, -1.492972)}]","[{'name': '1709144058043-8117', 'genom': [-0.6473354684178219, 0.6088433558381938, -0.561325551213254, 0.7577283134085608, 0.40028946454561454, 0.16242376179548357, 0.3324517728595182, -0.4970610267363742, -0.5040600133437467, 0.9476174928506593, -0.2779466019379464, 0.579410194495461, 0.5004053688859127, -0.10458167631456039, 0.02550862661687403, 0.7985617326618866, -0.9387306219175806, 0.7631487829018715, 0.0960123306012779, -0.09718296892793044, -0.9111203704831574, -0.43460465154598893, -0.6904556124694077, 0.7750688234538206, 0.5997563046471892, -0.012881362010362052, 0.4437899473736997], 'fitness': (0.9975450207789739,), 'features': (-3.0739195, -0.67010546)}]","[{'name': '1709089268746-71', 'genom': [-0.975997059327093, 0.9076350333190544, 0.10500236790496964, -0.7494505312040394, 0.7014223743217058, -0.31758708605956176, -0.9779352375798345, -0.07468948309559331, 0.6295241589866369, 0.5876996311323253, 0.9975315602662809, 0.41642795096150165, -0.16705870817746327, -0.3681845847628238, 0.7894054900473897, 0.7983417697338868, 0.6166398955908348, -0.26090633839167543, 0.7441260900224971, 0.3706757182949123, -0.6687030628472739, 0.6046070222647171, 0.09228309824341663, 0.3144295183844692, -0.881804541471934, -0.9503222304847698, 0.2584234653604818], 'fitness': (0.98149616850747,), 'features': (-3.0506208, 0.9727152)}]","[{'name': '1709089455007-99', 'genom': [-0.9429425560410996, 0.40763218502070364, 0.5352090845832607, 0.23136992135951462, 0.27365473450620614, -0.729450916871329, -0.28947021828889663, 0.6405967913557553, 0.5295944758816202, -0.25355695807052747, 0.905390181958601, 0.6246929812545754, -0.9665441832261743, -0.5950045088521221, -0.020568970290655075, -0.6889265376241498, -0.3210783152973611, -0.5214812678910739, -0.49610210191510085, -0.804391980197424, -0.9924464214543711, -0.6976424293663444, -0.03437894789739082, -0.6449580265953356, -0.317525591187952, 0.327169382635363, 0.603728667202196], 'fitness': (0.9905433230929904,), 'features': (-3.9544203, 1.2898812)}]","[{'name': '1709089268746-71', 'genom': [-0.8818990867932692, 0.9076350333190544, 0.11501223726182719, -0.7494505312040394, 0.36047063600300855, -0.4357446198955788, -0.9779352375798345, -0.10251021723934084, 0.5291385782117102, 0.47498996097402335, 0.9996204734813823, 0.8298360722491998, -0.16705870817746327, -0.5239056117470484, 0.7016757222012411, 0.7617052381277636, 0.5401731358729418, -0.21896703238592363, 0.6357264994489229, 0.33890529374014444, -0.5162742888062191, 0.6046070222647171, 0.09228309824341663, 0.2828067135460899, -0.8564574656437585, -0.8421709942294164, 0.3424312121244575], 'fitness': (0.9959956712192959,), 'features': (-3.7347515, 2.5710597)}]","[{'name': '1709090567686-262', 'genom': [0.09718449355783787, 0.9822294015758886, 0.9577565863652429, -0.003918128493962891, 0.4383880926314083, 0.7301494580493002, -0.5011944271573692, 0.9007882802420744, -0.13019405656148875, 0.4605571664080894, -0.45088047683540045, 0.2596138792367477, -0.3018729922156207, 0.06355120694717198, 0.8677557475142788, 0.23431152418278778, 0.3360292183878293, -0.8971115072181939, -0.4379303324360566, -0.45627191988812066, 0.5855966111600865, -0.8537482732143797, -0.15886094224217162, 0.07195564167767277, -0.934557417267821, -0.8418613012168485, 0.2868431616948761], 'fitness': (0.9957657708062067,), 'features': (-3.9729154, 3.620573)}]","[{'name': '1709089023701-35', 'genom': [0.8068713286221083, 0.8979005504206714, 0.4149140147931938, -0.48205360480217974, -0.6410374916010275, -0.1465718921319743, 0.8820455004365482, -0.042176747906389034, -0.010229568414420909, 0.0671804451648077, -0.766241603100869, -0.4732259518248907, -0.29505292054558985, -0.2973924803435646, 0.9903991777021772, 0.38577825158749257, -0.8248412936369198, 0.6845851200452684, 0.6938973393136516, -0.25938106755771995, -0.0032905683263804164, -0.9892748678186143, 0.7054439766021021, 0.34217108755993086, -0.19118306188778167, 0.6225379307940464, -0.1501447855459741], 'fitness': (0.9695504056082831,), 'features': (-3.247756, 4.0789123)}]","[{'name': '1709091474525-394', 'genom': [-0.42083545196548044, 0.8552157474313944, -0.5879766150551358, -0.8005474550197325, -0.9187730201900759, -0.3939088755830391, 0.47592451139210445, 0.6134809595364883, 0.24768630475760212, 0.5212328561611375, -0.7025259539067013, 0.31571663059201627, -0.5382109843613732, 0.20319418988449067, 0.09079108192752727, -0.4196263568011236, 0.4182125187069179, -0.7971976493332478, -0.9581525227714109, 0.2953720736785137, -0.23938394708094823, -0.9796961370459465, 0.6342531473895452, -0.841165027680826, 0.2766632910678726, 0.8295076251875426, -0.4438154657392124], 'fitness': (0.9912518792682223,), 'features': (-3.4535315, 5.8423324)}]","[{'name': '1709089023701-35', 'genom': [0.9107107524992917, 0.9607631143289153, 0.4149140147931938, -0.42226044049806566, -0.6093804158199192, 0.076455659663766, 0.7813743111158946, 0.025794371104482572, -0.011057578388978362, 0.17654152512936472, -0.5316201476104316, -0.3410616265345445, -0.36634278858035585, -0.5081163185174191, 0.9903991777021772, 0.38577825158749257, -0.8248412936369198, 0.7108991560779148, 0.7093066133710031, -0.23993149510214273, -0.35605616266263596, -0.9074345448753385, 0.7054439766021021, 0.1746986559903101, -0.19118306188778167, 0.6225379307940464, -0.08002282486618029], 'fitness': (0.9876396179199218,), 'features': (-3.6139545, 6.468894)}]","[{'name': '1709098271369-1399', 'genom': [0.9448243681919601, 0.6936734161198821, -0.6592294762600317, 0.5235559863086066, 0.8321903041258956, 0.24131694437131945, -0.25324345998362485, -0.27489855447141887, 0.6238726890001995, 0.45654603265731497, 0.07391735496979268, -0.1264369268170067, -0.953684252507113, -0.3343433849414974, 0.21725901443732942, -0.7041290302173506, -0.046358847652146595, 0.38543593792782627, -0.7094804805971167, 0.16427769571372752, 0.5132460626546069, 0.47123650554390273, -0.21837860880685844, 0.6841471571996485, 0.0019692136659617, -0.04833718183765057, -0.4980200462079618], 'fitness': (0.9821395781305101,), 'features': (-3.9437196, 7.5074983)}]","[{'name': '1709098271369-1399', 'genom': [0.9448243681919601, 0.6936734161198821, -0.6592294762600317, 0.5235559863086066, 0.8321903041258956, 0.24131694437131945, -0.16653711250395675, -0.49122395750197745, 0.6238726890001995, 0.45654603265731497, 0.07391735496979268, -0.1264369268170067, -0.953684252507113, -0.18685113167049394, 0.21725901443732942, -0.7041290302173506, -0.13773298132904266, 0.38543593792782627, -0.7094804805971167, 0.16427769571372752, 0.6344817791396977, 0.47123650554390273, -0.21837860880685844, 0.6419592823066529, 0.0019692136659617, -0.04833718183765057, -0.4980200462079618], 'fitness': (0.9956034090783861,), 'features': (-3.8353324, 8.554329)}]","[{'name': '1709111443187-3323', 'genom': [0.00020093054733760773, 0.7580561323865713, 0.23359559999035806, -0.32297754753502605, -0.23180185918257434, -0.5945813449547481, 0.9883027222155989, -0.4209789037491265, -0.304336974944049, 0.39254918352550083, 0.41067178249492464, 0.7214917091354998, -0.5960949317044011, 0.18927734446503797, -0.3560137372210477, -0.3844716747914232, -0.2593765246390498, 0.8493951050278286, -0.4142355166983227, -0.41503367302840166, -0.6904475260304346, -0.19202060248167374, -0.470551381770298, -0.7804024130285081, 0.8238628487639175, -0.6319625009551766, -0.8770866481149757], 'fitness': (0.9821949256791009,), 'features': (-3.124216, 9.355118)}]"
7,"[{'name': '1709099023965-1510', 'genom': [0.3492715612007511, 0.8189389386198551, 0.9664462851435527, -0.5083333857678571, -0.4727057380248767, 0.06835306415435305, 0.9969153201163283, 0.229939321967374, -0.5163005823272657, 0.9600324611312359, -0.4959064291794826, 0.636589596043025, 0.4640844730822944, 0.020719650151487468, -0.891846364002155, 0.3181095334714312, 0.9956219262026891, 0.16494400062378656, -0.01015358619000395, -0.5033116621559515, 0.7211358400103174, 0.01487612272791572, 0.5353246635473936, 0.5943211127758923, -0.37274613714759974, -0.3962003198082744, -0.16332850627075035], 'fitness': (0.9723410712348091,), 'features': (-2.0121837, -9.749276)}]","[{'name': '1709111362959-3311', 'genom': [0.5962337803952018, 0.5394306925812331, -0.30032282103284946, -0.7752638530927078, 0.6274080253580132, -0.569795464105354, -0.6419141856664083, 0.8964458966300062, -0.6765195192073028, -0.5657365822686227, -0.7120032421001381, 0.07338342009882393, -0.9202891717706194, 0.06047109313472476, -0.5659428420999082, -0.19127684222808927, 0.16839568078396883, -0.4859434384948649, 0.05274408394335506, 0.5038536654964103, 0.5931986417411479, 0.6583231393068123, 0.4094415679981931, -0.519397440575925, 0.49294830356908914, 0.002741720662673419, -0.2231903106987465], 'fitness': (0.9563407288657294,), 'features': (-2.77946, -8.685477)}]","[{'name': '1709111362959-3311', 'genom': [0.45810898974907754, 0.5174898754089776, -0.21553232138051426, -0.7752638530927078, 0.6274080253580132, -0.42561944418068465, -0.6419141856664083, 0.884078568232143, -0.6189493617354813, -0.5657365822686227, -0.7808113481174912, 0.07338342009882393, -0.9202891717706194, 0.08708154264667267, -0.5659428420999082, -0.14168284072328663, 0.444355430718566, -0.4859434384948649, -0.011371031168724288, 0.45903548309787423, 0.5931986417411479, 0.9810629692868926, 0.3847759848102723, -0.519397440575925, 0.24022686301375828, 0.002741720662673419, -0.2231903106987465], 'fitness': (0.9835227449735006,), 'features': (-2.8715067, -7.276528)}]","[{'name': '1709093495745-691', 'genom': [-0.9708237343194008, 0.7908701697730791, 0.9976396267221079, -0.9630122598981774, -0.46276670619352234, 0.07918528184571172, 0.6920065911905529, 0.39851835092899845, 0.6686493965322524, 0.010355099627541442, -0.9788970554581737, 0.5359138150435923, -0.5131025679099548, 0.8993286095377149, 0.630176913197116, -0.6207908615403939, 0.18814100274547152, 0.6015930078952094, 0.16734262767787222, 0.9423565578646678, 0.08510559561497666, 0.11838899742380526, 0.11016552603961682, -0.2179461364330968, 0.35641058936429837, -0.26292523253529065, -0.6750758960648429], 'fitness': (0.9870689392089844,), 'features': (-2.5292048, -6.0859566)}]","[{'name': '1709098738925-1468', 'genom': [0.930903068000674, 0.33449800968784915, 0.4964391631489693, 0.5789797185153405, -0.35159943312263797, -0.9367561586606157, -0.47868823735344423, 0.839404618281105, 0.44451476200632656, 0.25983827937570236, 0.5731152574966634, -0.4416924447365447, -0.4418969469946674, -0.29723409017224567, 0.2615832124858446, -0.945427806117688, -0.5839986211204828, 0.38740710969137604, 0.748101771999296, 0.14967421668750203, 0.024719698562243764, -0.7117757520437622, 0.9822996900676344, -0.12432352882051068, 0.49348116163646716, 0.6580754983146375, 0.14056924103293866], 'fitness': (0.9954808526568942,), 'features': (-2.3587112, -5.270341)}]","[{'name': '1709129379023-5971', 'genom': [0.3912521507082467, 0.386308786906971, 0.7999410497181603, -0.8489655579509034, 0.31722523785672596, -0.49522147080548806, 0.8926618008724354, -0.5466016936517486, -0.11746771960274716, -0.00800501163690659, -0.22165904978259343, -0.7605002131560201, -0.8953961903852312, -0.10066698640507421, 0.7614131004284528, 0.1421471340180458, 0.7564416308864654, 0.23816877106642598, -0.8261353994286995, -0.2934763484759879, -0.7027905018650706, -0.7026991360312165, -0.647573733406706, -0.46109526800142864, 0.1474983082688428, -0.818120880700546, -0.7054766042846623], 'fitness': (0.9989463326003817,), 'features': (-2.7548568, -4.8394966)}]","[{'name': '1709089455007-99', 'genom': [-0.9905921530256638, 0.40763218502070364, 0.6367955942797032, 0.26067536667781677, 0.3088186859156232, -0.729450916871329, -0.08633899018268387, 0.8365334967765135, 0.5295944758816202, -0.21868589306750863, 0.905390181958601, 0.6246929812545754, -0.9480927368858252, -0.5950045088521221, -0.020568970290655075, -0.7061995494160984, -0.27142440680597146, -0.5555937597868226, -0.49610210191510085, -0.8326061606977624, -0.9968486010238207, -0.6976424293663444, -0.03437894789739082, -0.9597989278977253, -0.3341542487371687, 0.327169382635363, 0.7390231413206345], 'fitness': (0.9904237833287981,), 'features': (-2.670156, -3.597899)}]","[{'name': '1709089455007-99', 'genom': [-0.9429425560410996, 0.40763218502070364, 0.6367955942797032, 0.23136992135951462, 0.3088186859156232, -0.729450916871329, -0.08633899018268387, 0.7577409852477905, 0.19291443228676086, -0.25355695807052747, 0.905390181958601, 0.6246929812545754, -0.9480927368858252, -0.5450689028434041, 0.03951148592116649, -0.5992752502912311, -0.27142440680597146, -0.5217154301960691, -0.4188941237377948, -0.8305117101733097, -0.9924464214543711, -0.8126246370518038, -0.03437894789739082, -0.9597989278977253, -0.3341542487371687, 0.29392479078719647, 0.7390231413206345], 'fitness': (0.9996407747268676,), 'features': (-2.3045318, -2.998557)}]","[{'name': '1709092994360-616', 'genom': [-0.31828343271937953, 0.33433815759050445, -0.767656558697819, 0.861959419852971, -0.7131342981609345, -0.24490515325768691, 0.22448291722952463, 0.5660303141988403, -0.8731486981819625, -0.6768278308195077, -0.957918330176611, 0.30064157243614, 0.48110311668787564, -0.4315221146007089, -0.6455499901078037, -0.26902033165736117, -0.5823669939302853, 0.5420742089338446, -0.14084351610097, 0.45153443473610166, 0.02183558164015209, 0.7806761182788764, -0.21913789022290264, 0.06809307258432384, 0.5003750641041225, 0.5482414189325464, -0.5769758664353861], 'fitness': (0.9990855667326185,), 'features': (-2.0177777, -1.8029815)}]","[{'name': '1709089455007-99', 'genom': [-0.9429425560410996, 0.40763218502070364, 0.5352090845832607, 0.23136992135951462, 0.3088186859156232, -0.729450916871329, -0.28947021828889663, 0.6405967913557553, 0.5295944758816202, -0.25355695807052747, 0.905390181958601, 0.6246929812545754, -0.9665441832261743, -0.5950045088521221, -0.020568970290655075, -0.7061995494160984, -0.3210783152973611, -0.5214812678910739, -0.49610210191510085, -0.8326061606977624, -0.9924464214543711, -0.6976424293663444, -0.03437894789739082, -0.7780318702515925, -0.3341542487371687, 0.327169382635363, 0.603728667202196], 'fitness': (0.9963384456104702,), 'features': (-2.9860377, -0.91234446)}]","[{'name': '1709091651192-419', 'genom': [-0.12080380901107102, 0.2306787143780369, 0.11698633074952691, 0.9838938254788736, -0.319304521522896, -0.5514870631179274, -0.9531539517424998, 0.9241084290685686, 0.14191485194742404, 0.7281787188687112, 0.7348590971306226, 0.6419678896786967, 0.03678861021440394, -0.41954838960167073, -0.02656865243279194, -0.1550611523088692, 0.7404362189284923, -0.5168380813180331, -0.8233605358178884, -0.23485653154967756, 0.20403626793033225, -0.5607595341251317, 0.9098522970210703, -0.4364428510261704, -0.34928898180355383, -0.6089451592320181, 0.633972008125359], 'fitness': (0.996606327758895,), 'features': (-2.9527342, 0.8646529)}]","[{'name': '1709089268746-71', 'genom': [-0.9907820970465524, 0.9076350333190544, 0.10500236790496964, -0.7494505312040394, 0.4957499761664024, -0.31758708605956176, -0.9779352375798345, -0.07468948309559331, 0.6295241589866369, 0.5876996311323253, 0.9883353266731492, 0.41642795096150165, -0.16705870817746327, -0.3681845847628238, 0.7441154604358402, 0.7983417697338868, 0.6166398955908348, -0.26090633839167543, 0.7441260900224971, 0.3706757182949123, -0.716019830233986, 0.6046070222647171, 0.09228309824341663, 0.3144295183844692, -0.881804541471934, -0.9503222304847698, 0.2584234653604818], 'fitness': (0.9982398786478572,), 'features': (-2.1410928, 1.3816818)}]","[{'name': '1709089268746-71', 'genom': [-0.8818990867932692, 0.9076350333190544, 0.11501223726182719, -0.7494505312040394, 0.36047063600300855, -0.4357446198955788, -0.9779352375798345, -0.10251021723934084, 0.39437883760740644, 0.47498996097402335, 0.9996204734813823, 0.8298360722491998, -0.16705870817746327, -0.5239056117470484, 0.7016757222012411, 0.8325979122087679, 0.5401731358729418, -0.3145547232179742, 0.6620437910153774, 0.3706757182949123, -0.6869578786035966, 0.6046070222647171, 0.09228309824341663, 0.2828067135460899, -0.8564574656437585, -0.8421709942294164, 0.3631078782198256], 'fitness': (0.9361498143937853,), 'features': (-2.9427588, 2.8122773)}]","[{'name': '1709126377833-5522', 'genom': [0.429711137220093, -0.6686434352640975, -0.2601797729530042, 0.39687461082233355, -0.35038180379538586, -0.690850529424003, 0.6358783453049721, -0.5549299402138332, -0.0057347687297035765, -0.9160902274972142, 0.6114221443541619, 0.30514871466695226, 0.5982677399730925, -0.9151849446624527, 0.20045716425321336, -0.7664409873717684, 0.8019584114876201, -0.022830942884297656, -0.29514257787050924, -0.15905977593913545, 0.8637142895186625, 0.30829834169376524, -0.8546163487248271, 0.39756282059653025, -0.39781393102939755, -0.8337720106264868, 0.12680279748433065], 'fitness': (0.9995239223043124,), 'features': (-2.328732, 3.3499732)}]","[{'name': '1709090198877-208', 'genom': [0.9061262468383819, -0.3113856797709438, 0.31791913057486365, -0.11360221373412105, -0.22766258642128534, 0.5427762121659803, -0.9835441141836563, -0.885109087885823, 0.09862442535587834, 0.14987479176393204, 0.850197310482314, 0.9194172363599931, 0.5399555008922312, 0.6370801249606235, -0.02618604488164178, -0.018084254806673306, 0.35801514189379313, -0.2921325292447139, -0.35372313358224594, 0.1335623511919537, -0.270503295565381, 0.9974481850704857, -0.4415663412515807, -0.5595019884287904, -0.5703251728059835, -0.6544327879837517, 0.6852020072675533], 'fitness': (0.9262299431694878,), 'features': (-2.013946, 4.193371)}]","[{'name': '1709098513543-1435', 'genom': [0.016017107260855035, 0.797788330060822, -0.13849506405822587, 0.7140182955272272, 0.6868154982494614, -0.3894871769473405, -0.7025941182900339, 0.8996235141204145, -0.4974442538438155, 0.7067548736259202, 0.38883691789303554, 0.688552946173145, -0.22789009322736642, -0.43940073246979017, 0.10223028378767807, -0.5591446363211645, 0.6202710490388297, 0.01959503943726104, -0.6668702597163516, 0.268612320369787, -0.03968304293949387, -0.568393806618466, -0.6594377373213616, 0.24611974857841057, -0.5115869924529248, -0.6130529848072341, 0.21931603738948247], 'fitness': (0.9991657127936681,), 'features': (-2.7369857, 5.508634)}]","[{'name': '1709143833986-8084', 'genom': [0.740243067276535, 0.6951843856400659, -0.30989505521428495, -0.7274823994198578, 0.5620727317153746, 0.5870108977823776, 0.9932629791898762, 0.2592821546744346, 0.3304731159713321, -0.19416389829480019, -0.22698754246304742, -0.5591632628708314, -0.17998469682881502, -0.2927391900162162, -0.5044499585861488, -0.649337841916646, -0.678750757881734, 0.20003967717197346, 0.5328196822100875, 0.13954253959079743, -0.5174143934091382, 0.4974320557169265, 0.7507943623120197, 0.7812689153407628, -0.9608275434493407, -0.9503785692463342, -0.7234539059473972], 'fitness': (0.9490821997324626,), 'features': (-2.189038, 6.223705)}]","[{'name': '1709089023701-35', 'genom': [0.8959715539523021, 0.9607631143289153, 0.4149140147931938, -0.42226044049806566, -0.5668449778143765, 0.16013167830402097, 0.7357334970971061, 0.025794371104482572, -0.011057578388978362, 0.17886809109181478, -0.40900196365288966, -0.3410616265345445, -0.5261626243110071, -0.6366909330466068, 0.9903991777021772, 0.38577825158749257, -0.8248412936369198, 0.7108991560779148, 0.7093066133710031, -0.23993149510214273, -0.36990176959888665, -0.9074345448753385, 0.7054439766021021, 0.1746986559903101, -0.19118306188778167, 0.6225379307940464, -0.08002282486618029], 'fitness': (0.9892057445314195,), 'features': (-2.7570877, 7.9229245)}]","[{'name': '1709098271369-1399', 'genom': [0.7759670467720008, 0.7026008646823287, -0.6592294762600317, 0.5181667016805647, 0.8321903041258956, 0.21382516590786582, -0.13529504820012161, -0.49122395750197745, 0.7443815884494926, 0.38288819299848464, 0.08196082826692108, -0.1886788054923536, -0.953684252507113, -0.2154280987126933, 0.21725901443732942, -0.7041290302173506, -0.13773298132904266, 0.4148118104052745, -0.7094804805971167, 0.16427769571372752, 0.6344817791396977, 0.47123650554390273, -0.24931565179145898, 0.6419592823066529, 0.0019692136659617, -0.0232052298140224, -0.4980200462079618], 'fitness': (0.9822985450426738,), 'features': (-2.5934498, 8.065998)}]","[{'name': '1709098271369-1399', 'genom': [0.9448243681919601, 0.7026008646823287, -0.5509260739348427, 0.5181667016805647, 0.8321903041258956, 0.21382516590786582, -0.13529504820012161, -0.49122395750197745, 0.6238726890001995, 0.38288819299848464, 0.07391735496979268, -0.18249922866300183, -0.953684252507113, -0.18685113167049394, 0.2924909470399917, -0.7041290302173506, -0.13773298132904266, 0.4148118104052745, -0.76966371343079, 0.17213781302021292, 0.6344817791396977, 0.47123650554390273, -0.0662312101882514, 0.6419592823066529, 0.0019692136659617, -0.0232052298140224, -0.4980200462079618], 'fitness': (0.9699060890409682,), 'features': (-2.2716057, 9.97592)}]"
8,"[{'name': '1709095197147-943', 'genom': [0.9501773982253963, -0.2565863302619358, 0.7764754112328027, -0.6725279505342188, 0.40213511881027486, 0.5085977292184254, 0.9365947600320679, 0.6201069094082419, -0.3524516266935134, 0.6189395338465862, -0.5204959916748699, -0.30709126558236743, 0.6998918915020236, -0.7627439533460321, 0.7188875046652952, 0.9123857138455604, 0.6996921256738962, 0.7012653548365011, 0.2045115540983642, -0.22331788879532155, -0.03740255206004117, -0.9281999955833513, 0.9778476286369819, -0.6658672506581003, -0.14264906400057353, -0.6112757479417987, 0.06484358713280902], 'fitness': (0.9756903092066447,), 'features': (-1.9862148, -9.861068)}]","[{'name': '1709095345341-965', 'genom': [0.9638112198317221, 0.9927692818210745, 0.10509914066497505, 0.19935535104343782, -0.7444396185673279, 0.7131326552781727, -0.6772100752804486, 0.20811295624696546, -0.5648403303167824, 0.13628040715116851, -0.11361053956211631, 0.3126191912467713, -0.2536512297590907, 0.8420912734807846, 0.8135295333124415, -0.16832025543002582, -0.16152809336878748, 0.17507682063750263, 0.22617723749008367, -0.6453312129335078, -0.302902962224856, 0.01362979386932106, 0.9754146782035797, -0.14487637318287305, -0.3339219895280414, -0.3108621251826973, -0.5982570852165539], 'fitness': (0.9854514757792155,), 'features': (-1.8925974, -8.083306)}]","[{'name': '1709093495745-691', 'genom': [-0.9708237343194008, 0.8189444538951964, 0.9250259084874604, -0.9630122598981774, -0.5389061576751666, -0.2100738704474978, 0.7923134045879774, 0.40984302226771896, 0.6686493965322524, 0.010355099627541442, -0.9660606095000859, 0.5359138150435923, -0.5868168548107708, 0.8178232649300969, 0.630176913197116, -0.5908383012002443, 0.17029730938976972, 0.6249884136986803, 0.20510640377984046, 0.9942877570037052, -0.037052528218759706, 0.10518434266898713, 0.11016552603961682, -0.03004709185225707, 0.2664223628125293, -0.16232143053831072, -0.7535452358818362], 'fitness': (0.9506103091769749,), 'features': (-1.3888516, -7.254075)}]","[{'name': '1709139887830-7516', 'genom': [0.10985228977326877, 0.45299740631818497, 0.3067647446878461, 0.07670080458389927, 0.7599033124767811, 0.7152603336424488, 0.9985158880513709, 0.8435252813009573, -0.9660198724376243, 0.9768756208342071, -0.9983633662070521, -0.7068755986379189, 0.22023333226772324, 0.8520445652261874, -0.8045392063939292, 0.9570244635349998, 0.566834058570223, -0.6748593166098587, 0.6013299842544901, -0.5292739602504843, -0.1514249152037408, -0.06581318623170263, -0.44403362029464266, 0.672213465691333, 0.7386002111354577, 0.606505339545059, -0.2968632194342147], 'fitness': (0.9855911572774251,), 'features': (-1.5881425, -6.430709)}]","[{'name': '1709114365583-3752', 'genom': [0.9713309714338185, 0.705164244856952, 0.253472096058321, 0.25345078378955477, -0.6660151037986519, 0.8361533182125183, 0.2571027590478743, 0.7115100710238149, -0.47213898072108895, -0.1387205664006248, 0.8093254972027231, 0.5737871328815487, -0.5468449862579541, 0.9482940832652427, 0.5231543141137664, 0.9587817996331518, -0.7224456326489228, 0.33658052016036555, 0.3681164348804411, -0.20343863624884673, -0.6749028301215001, 0.9142742643191122, -0.951961056061571, 0.39070646879909154, -0.12410153365617704, -0.18732511750517622, -0.9017625212403841], 'fitness': (0.9767713970608182,), 'features': (-1.2930254, -5.5545)}]","[{'name': '1709094749681-877', 'genom': [0.6004812923874348, 0.46141862081418195, 0.3128958924444898, 0.2284187389008958, 0.6368823685257838, -0.911052721199346, 0.9478250539754549, -0.00017433894399321304, -0.2559612256604271, 0.9103144207414309, 0.8105089533964336, 0.7787700402644382, -0.003659423581653831, -0.6210478381943552, 0.051613969340819965, 0.6328458345718788, 0.5612553037367451, 0.7594167933024507, 0.44387926439193426, -0.581847558459428, 0.4475106570721852, 0.799579784642819, -0.6446992712517647, -0.12120138698051952, -0.568947948016755, -0.5884086503613455, -0.007839045037288495], 'fitness': (0.9991805394490559,), 'features': (-1.1245329, -4.4526725)}]","[{'name': '1709089455007-99', 'genom': [-0.9199729056345867, 0.3563460052316705, 0.6367955942797032, 0.23136992135951462, 0.46025239719617517, -0.6789867347301837, -0.08633899018268387, 0.6977323235871813, 0.9377531340671024, -0.23228279995955958, 0.8814627600961336, 0.8050771391682383, -0.8767680241113287, -0.5950045088521221, -0.005374446847150827, -0.7958804108400082, -0.39886888307125257, -0.6093940917509644, -0.49610210191510085, -0.8326061606977624, -0.6670641127080814, -0.5096328751581514, -0.038517422534772416, -0.9284909886859496, -0.3341542487371687, 0.327169382635363, 0.6548566562864957], 'fitness': (0.9998954092462857,), 'features': (-1.2680234, -3.0188093)}]","[{'name': '1709089455007-99', 'genom': [-0.9199729056345867, 0.3563460052316705, 0.6367955942797032, 0.23136992135951462, 0.46025239719617517, -0.6789867347301837, -0.03790300511636602, 0.6977323235871813, 0.9377531340671024, -0.1999737313992065, 0.9430939796119322, 0.8304906287170506, -0.8767680241113287, -0.5950045088521221, -0.005374446847150827, -0.6722119831048041, -0.39886888307125257, -0.5063931171300393, -0.49610210191510085, -0.8326061606977624, -0.6670641127080814, -0.5096328751581514, -0.038517422534772416, -0.9284909886859496, -0.011625382285589625, 0.35950280521328315, 0.6428953915645361], 'fitness': (0.9984207481145859,), 'features': (-1.4841725, -2.8406055)}]","[{'name': '1709111824760-3380', 'genom': [0.9561114829641597, -0.4417700154346347, 0.3392077891306371, -0.25673892894607153, -0.03256116448039914, 0.4740017320957244, 0.4192698257668759, 0.24583085118393178, 0.7902072102384345, 0.15026950492690783, 0.8795301108594635, 0.7592087758696955, 0.14196462708007673, 0.3367457287113811, -0.6729273446429818, 0.07677376310140449, 0.4830684097428397, 0.5456143485365441, 0.5871998508406939, -0.22678406025927145, 0.20030971959026522, -0.829535619351387, 0.9371047236438343, 0.7343553681222685, -0.1521769604333294, 0.6492303734719429, 0.3940204060557513], 'fitness': (0.999510629971822,), 'features': (-1.2852787, -1.4712073)}]","[{'name': '1709092732303-578', 'genom': [-0.7503164280595218, -0.07459526289726015, -0.14559993187508113, -0.6424149110504813, 0.7482708023254205, 0.31847551357206116, -0.9833460675739847, 0.9278735064771566, 0.9891739468179441, -0.8488469393149116, -0.2990533630994765, -0.281723728052782, 0.20945199542468007, -0.996879935916462, -0.16778431226997403, 0.2754335940097983, 0.31144357567951664, -0.7448983999955936, -0.9699842134569563, -0.5722455814275329, 0.21800966972339997, -0.7230603944228515, -0.18311472297492437, 0.9959638961547674, 0.07743281571984473, -0.24945348402700884, -0.5783876050540782], 'fitness': (0.9998905829257435,), 'features': (-1.3470999, -0.29983503)}]","[{'name': '1709089455007-99', 'genom': [-0.9395359813465773, 0.40763218502070364, 0.5154734885168517, 0.23136992135951462, 0.3088186859156232, -0.729450916871329, -0.28947021828889663, 0.6405967913557553, 0.5295944758816202, -0.25355695807052747, 0.905390181958601, 0.6246929812545754, -0.9665441832261743, -0.8530260902904858, -0.020568970290655075, -0.7061995494160984, -0.3210783152973611, -0.5214812678910739, -0.6663667177547752, -0.769818786550114, -0.9924464214543711, -0.9640714279035225, -0.03437894789739082, -0.7780318702515925, -0.3341542487371687, 0.327169382635363, 0.603728667202196], 'fitness': (0.9985125602947341,), 'features': (-1.2009714, 0.1970495)}]","[{'name': '1709120704983-4676', 'genom': [0.5271882824750143, -0.8552647898782548, 0.36477507775883256, 0.08346855861399582, 0.823419100529245, -0.14385869535324014, -0.38305668017506034, 0.5297629056755391, 0.5392529004291324, -0.9741752777624124, 0.4035702458782082, 0.9196446663197249, 0.8330246826159415, -0.4808698964091398, 0.950897126463166, -0.9967877702428054, -0.844481267401987, -0.05697952825259334, -0.8772406908359689, -0.24078240063973477, -0.3198214403935453, -0.805285439668989, 0.9320886351511446, -0.47566486139610165, 0.7075332000938714, 0.7604988284790761, 0.583835405265615], 'fitness': (0.9948753466208776,), 'features': (-1.2275878, 1.4808203)}]","[{'name': '1709109206410-2997', 'genom': [0.7946576556071496, 0.4665323948714908, -0.3483962042682809, -0.8995331976168803, 0.057011156076234526, -0.45826898312387465, -0.5635595329920737, -0.13580503321937654, 0.3255815585282775, -0.15533680215583012, 0.4169906099516636, 0.8077613403938673, 0.6652261306990181, -0.9707289841527844, 0.45695950752576553, -0.43869518295974497, -0.5346503334063148, -0.927462137312405, -0.12540122390046515, 0.5781067512434708, -0.6626382273182203, -0.6195404334589278, 0.2207476842162308, -0.7119941058964048, 0.07284835387646593, -0.41734511739239366, -0.8999320237420989], 'fitness': (0.9878718190722995,), 'features': (-1.3457507, 2.9263089)}]","[{'name': '1709119947073-4565', 'genom': [-0.18457614688328716, -0.9808452438591124, 0.17938613276629733, 0.9267930421471493, -0.9939226004384705, 0.9319104045543636, 0.27990463339963156, 0.8241900264577786, 0.4450058484846051, -0.5458753152255595, 0.5933440887668764, 0.1621950818607667, 0.8798751499467259, 0.13858194658432077, -0.4295493554336336, 0.14078045993159916, -0.676227663615443, -0.18416074360197476, 0.5969489270571278, 0.7123311991684018, 0.7007834863603766, 0.23425992389407613, -0.5032127752574433, -0.6128701878709499, 0.3478613582272587, -0.8554412492416583, -0.3542201751282117], 'fitness': (0.9579208506478204,), 'features': (-1.2217326, 3.500167)}]","[{'name': '1709091474525-394', 'genom': [-0.42083545196548044, 0.8371290577601243, -0.5879766150551358, -0.8005474550197325, -0.9187730201900759, -0.3939088755830391, 0.4083592548094259, 0.6134809595364883, 0.24768630475760212, 0.5212328561611375, -0.7025259539067013, 0.31571663059201627, -0.5382109843613732, 0.20319418988449067, 0.09079108192752727, -0.4196263568011236, 0.4182125187069179, -0.7971976493332478, -0.9581525227714109, 0.2953720736785137, -0.23938394708094823, -0.9796961370459465, 0.4184539830437073, -0.841165027680826, 0.2766632910678726, 0.8295076251875426, -0.4438154657392124], 'fitness': (0.9889877663718329,), 'features': (-1.7554516, 4.042333)}]","[{'name': '1709091474525-394', 'genom': [-0.42083545196548044, 0.8371290577601243, -0.5879766150551358, -0.8005474550197325, -0.9187730201900759, -0.3939088755830391, 0.4083592548094259, 0.6134809595364883, 0.24768630475760212, 0.5212328561611375, -0.7025259539067013, 0.31107918523040445, -0.5382109843613732, 0.20319418988449067, 0.09079108192752727, -0.4196263568011236, 0.4182125187069179, -0.7971976493332478, -0.9581525227714109, 0.2953720736785137, -0.23938394708094823, -0.9796961370459465, 0.4184539830437073, -0.841165027680826, 0.2766632910678726, 0.8295076251875426, -0.4438154657392124], 'fitness': (0.9656152619255913,), 'features': (-1.9032035, 5.232971)}]","[{'name': '1709091474525-394', 'genom': [-0.42083545196548044, 0.8845995484078901, -0.5879766150551358, -0.8005474550197325, -0.9187730201900759, -0.3939088755830391, 0.4083592548094259, 0.6134809595364883, 0.24768630475760212, 0.5212328561611375, -0.7025259539067013, 0.31107918523040445, -0.5382109843613732, 0.20319418988449067, 0.09079108192752727, -0.4196263568011236, 0.24010509316526218, -0.7971976493332478, -0.9581525227714109, 0.2953720736785137, -0.23938394708094823, -0.9796961370459465, 0.4184539830437073, -0.8536164741898558, 0.2766632910678726, 0.8295076251875426, -0.4438154657392124], 'fitness': (0.9729075484805637,), 'features': (-1.6147832, 6.40277)}]","[{'name': '1709090198877-208', 'genom': [0.8982558345313343, -0.3113856797709438, 0.29116321656310107, -0.11583161839805589, -0.14738553382904418, 0.5427762121659803, -0.9890949285922996, -0.8875695934560239, -0.13035785115469656, 0.28544154333170435, 0.850197310482314, 0.9194172363599931, 0.6966414945539756, 0.4207026879353888, -0.09614617968841088, 0.09572790914100482, 0.4419862283026845, -0.4372516227732852, -0.35372313358224594, 0.1335623511919537, -0.28260802496693427, 0.9829743438302305, -0.42119514279756887, -0.8172028121818944, -0.7606969935794174, -0.46945178294254464, 0.4621771194782218], 'fitness': (0.9746125698089599,), 'features': (-1.2278088, 7.597452)}]","[{'name': '1709111443187-3323', 'genom': [0.00020093054733760773, 0.7580561323865713, 0.23359559999035806, -0.32297754753502605, -0.23180185918257434, -0.5945813449547481, 0.9883027222155989, -0.4209789037491265, -0.304336974944049, 0.39254918352550083, 0.41067178249492464, 0.7330925127420485, -0.5960949317044011, 0.18927734446503797, -0.3560137372210477, -0.3844716747914232, -0.2593765246390498, 0.8493951050278286, -0.4142355166983227, -0.41503367302840166, -0.6904475260304346, -0.19202060248167374, -0.08807229200186772, -0.7804024130285081, 0.8238628487639175, -0.6319625009551766, -0.8770866481149757], 'fitness': (0.9708825323316786,), 'features': (-1.8006744, 8.775221)}]","[{'name': '1709098271369-1399', 'genom': [0.9448243681919601, 0.6936734161198821, -0.47938978816296873, 0.647505558382593, 0.8321903041258956, 0.24131694437131945, -0.1965709065261989, -0.4830261633235202, 0.6378868745782533, 0.45654603265731497, 0.07391735496979268, -0.1264369268170067, -0.953684252507113, -0.1822498014332774, 0.21725901443732942, -0.7041290302173506, -0.046358847652146595, 0.38543593792782627, -0.7094804805971167, 0.10223339415767185, 0.5132460626546069, 0.47123650554390273, -0.21837860880685844, 0.6841471571996485, 0.0019692136659617, -0.04833718183765057, -0.4980200462079618], 'fitness': (0.9908232596185472,), 'features': (-1.7914556, 9.790122)}]"
9,"[{'name': '1709098738925-1468', 'genom': [0.930903068000674, 0.33449800968784915, 0.5038532474778388, 0.6116401483616474, -0.35159943312263797, -0.9367561586606157, -0.47868823735344423, 0.839404618281105, 0.44451476200632656, 0.25983827937570236, 0.3728411676791543, -0.38557443415345505, -0.4418969469946674, -0.29723409017224567, 0.2615832124858446, -0.945427806117688, -0.5839986211204828, 0.39206704004918524, 0.748101771999296, -0.11520983605774293, 0.011297744780208951, -0.8027344003524128, 0.9822996900676344, -0.12432352882051068, 0.4260609927572303, 0.652195474610821, 0.22531597213884558], 'fitness': (0.9780559764968024,), 'features': (-0.7912141, -9.403931)}]","[{'name': '1709095345341-965', 'genom': [0.7629201315403273, 0.8188284487279296, 0.05750015869874425, 0.19935535104343782, -0.6806385232609216, 0.7131326552781727, -0.660071696731219, 0.21832991131095492, -0.5855918050002404, 0.13628040715116851, -0.24799714008181106, 0.3372243901274494, -0.2536512297590907, 0.7076915421203209, 0.74721810898894, -0.3366882395987487, -0.1781937180612545, 0.13691816796326028, 0.21987413821835, -0.6773185721482233, -0.302902962224856, 0.31983303313414924, 0.9576783470819195, -0.1804435651171694, -0.3745125149364452, -0.27803854209558687, -0.7423403901759686], 'fitness': (0.9591833750406901,), 'features': (-0.06265822, -8.138195)}]","[{'name': '1709090163133-203', 'genom': [0.7578563472766138, 0.8704528703264724, -0.2321105418113909, 0.936714505568621, 0.3930375136724804, 0.995875086335078, 0.6390625576319064, 0.29445261825689073, 0.9668973429712036, 0.9602562274159492, 0.2858803295183825, 0.09769154578459349, 0.3561372685040667, -0.8319079367282722, 0.6451888341354439, 0.1698917719342219, -0.020599568347060337, -0.046637699255949405, 0.38641849814821483, -0.20194973922189408, 0.15250773594654143, 0.15541414654520103, 0.8967571674711503, -0.10665376411956773, -0.9716239044624131, 0.6070362532736557, -0.2593124815713468], 'fitness': (0.992960696750217,), 'features': (-0.713113, -7.5611258)}]","[{'name': '1709093495745-691', 'genom': [-0.9708237343194008, 0.8798783117057709, 0.9976396267221079, -0.9630122598981774, -0.46276670619352234, -0.2100738704474978, 0.796391447739548, 0.39851835092899845, 0.6686493965322524, 0.010355099627541442, -0.9660606095000859, 0.5359138150435923, -0.5131025679099548, 0.8993286095377149, 0.630176913197116, -0.9162938213831369, 0.18814100274547152, 0.6583900658770578, 0.16734262767787222, 0.9423565578646678, -0.022611685164033446, 0.03414937186510736, 0.11016552603961682, -0.2179461364330968, 0.35641058936429837, -0.31309184202244, -0.6750758960648429], 'fitness': (0.9986836698320177,), 'features': (-0.10673482, -6.6391425)}]","[{'name': '1709095197147-943', 'genom': [0.992062637117143, -0.012082069905968273, 0.8373930347821419, -0.7846217421349557, 0.40213511881027486, 0.6117966636456027, 0.8354697978713856, 0.7094253455829738, -0.32851688243896504, 0.6935769265777902, -0.7752684841781547, -0.29490484821966345, 0.6998918915020236, -0.5743048842015392, 0.7188875046652952, 0.9123857138455604, 0.591049972204903, 0.7012653548365011, 0.3323118476759128, -0.22331788879532155, -0.019958677089797483, -0.8005721630630716, 0.9778476286369819, -0.6658672506581003, 0.13603074494251333, -0.5956270275333215, -0.08761588743840076], 'fitness': (0.9994881199465857,), 'features': (-0.8597949, -5.690823)}]","[{'name': '1709098224341-1392', 'genom': [-0.8632739316888829, -0.1984566693496137, 0.8348236476401245, 0.5378042550952211, 0.9580242007789002, -0.3929962077785534, -0.08974984297476807, -0.9379115352473515, 0.041715819119157116, -0.13170974031235905, -0.12119579049858498, 0.8649175890462033, 0.380394253626821, -0.37077683121711824, -0.25693393557761124, 0.40104476175620496, 0.6749471033151901, -0.725238899555793, 0.3689982101630318, 0.0024705167203484812, -0.07671081963685844, 0.21061236614488954, 0.41594793891729176, 0.4485885560676246, -0.6358830719760673, 0.27585199558820195, 0.023544515041320047], 'fitness': (0.9826120138168335,), 'features': (-0.9296916, -4.856208)}]","[{'name': '1709089455007-99', 'genom': [-0.9199729056345867, 0.3563460052316705, 0.6367955942797032, 0.23136992135951462, 0.46025239719617517, -0.6789867347301837, -0.03790300511636602, 0.6977323235871813, 0.9377531340671024, -0.1999737313992065, 0.9651782063887417, 0.8304906287170506, -0.8767680241113287, -0.652575654107695, -0.005374446847150827, -0.6722119831048041, -0.39886888307125257, -0.5063931171300393, -0.49610210191510085, -0.8326061606977624, -0.6670641127080814, -0.5096328751581514, -0.038517422534772416, -0.9284909886859496, 0.02573139675542646, 0.35950280521328315, 0.6428953915645361], 'fitness': (0.9981055102414556,), 'features': (-0.9989769, -3.0904624)}]","[{'name': '1709140435311-7595', 'genom': [-0.865994656914451, -0.036442477370485005, 0.4076874718042047, 0.7743142458927563, 0.27493586200624387, -0.5403677080285154, 0.004549400257461089, -0.06812907448139671, 0.4090855678624201, 0.7685392657643446, -0.08260626306485408, -0.17866448824474856, 0.14099954197793418, 0.4075701463509982, -0.7788974523905041, 0.7251255976438469, -0.9004576859672, 0.004514167734916752, -0.9306902047143568, -0.37513326958646376, 0.37438766697984716, 0.2728747713527744, 0.3680801092510304, -0.15640114160013097, -0.5301401653482067, -0.7403940106606344, 0.06815271425386293], 'fitness': (0.9988453831937578,), 'features': (-0.8076784, -2.6350675)}]","[{'name': '1709099023965-1510', 'genom': [0.24431511241674797, 0.8732923325882114, 0.9664462851435527, -0.5083333857678571, -0.4934996335387243, 0.06835306415435305, 0.9969153201163283, 0.19702798561353307, -0.5163005823272657, 0.9600324611312359, -0.4959064291794826, 0.636589596043025, 0.4640844730822944, 0.26617087706797626, -0.891846364002155, 0.3549142407077639, 0.9948606618114559, 0.16494400062378656, 0.16678481101967524, -0.5159807688147644, 0.6800390230591882, -0.09161759037798345, 0.44555881294671873, 0.6068812505316405, -0.31705273516721544, -0.3962003198082744, -0.20173974433295006], 'fitness': (0.9966874013344447,), 'features': (-0.85220516, -1.6586243)}]","[{'name': '1709135652871-6899', 'genom': [0.026853438702200583, 0.20160149734973776, -0.022905140975152838, -0.36957814412762335, -0.23306639003073482, -0.346752995574128, -0.6423836515316463, 0.38971264041938025, -0.0811241921163286, -0.08141581197917569, 0.8186439786041328, 0.4547930190971392, -0.15468740051131458, 0.8448462158830721, -0.728878216595831, -0.5899280187686438, 0.3971595332985709, 0.7350718588714724, -0.8774089641319116, -0.015624721441117151, 0.7667034882874575, -0.0640003225881387, -0.36521987064868555, 0.6879981774295854, -0.9094600200222742, 0.8052505532538055, -0.12532334144046242], 'fitness': (0.9996488783094618,), 'features': (-0.5635027, -0.076045744)}]","[{'name': '1709103799595-2208', 'genom': [-0.6752990609492213, -0.9203104270229678, -0.5717077639531789, 0.4896991511033595, -0.4785261955760196, 0.05544512595885753, -0.3605709733462128, 0.2858508992926865, -0.2386296604290088, 0.2638406294901816, 0.044037522430099285, -0.03285753936683111, -0.4955432146360077, -0.40823524715048953, -0.20605879607675281, -0.38529651378135643, -0.0032608924774035764, -0.7748407912947985, 0.5159638860553566, -0.9527275317800139, -0.580966416765347, 0.9597799950939907, -0.6635655509509224, -0.8819857576611205, 0.7302878742400107, 0.20189924910185342, 0.07877441773517324], 'fitness': (0.9998169528113471,), 'features': (-0.082189485, 0.018401703)}]","[{'name': '1709129372733-5970', 'genom': [0.37930810369414525, -0.8385721661566534, 0.9162486741353466, 0.2579189907207924, 0.6961947693507942, -0.4915635952698656, 0.8064644557799112, -0.4799784891952297, -0.9308560362030256, 0.7508296017215281, -0.9761735520065029, -0.4876340320954593, 0.5149299888103585, -0.19932734951311248, 0.8502735830169039, 0.14492386696290227, -0.9226627685821129, 0.11957670819221633, 0.7891777957358894, -0.32483960062720474, -0.431403907435729, -0.3665266939636529, -0.3657159987847709, -0.8670118009618126, 0.6574132615764818, 0.68901877747486, -0.04177009354080874], 'fitness': (0.9984836313459609,), 'features': (-0.1471071, 1.7889702)}]","[{'name': '1709125385805-5374', 'genom': [-0.029576530280612134, 0.380836151076843, -0.1857266366306891, -0.7650557223850496, -0.9705500554622482, 0.7562166426792056, 0.9121409744106936, -0.24383802238411123, -0.8738620575543781, -0.08636099679993392, -0.1794659706641375, 0.6556817583258863, 0.696798907416204, -0.26522593718630194, 0.41900285297197093, -0.2153977946102119, 0.04858256389429627, 0.8229874917063242, 0.1125754407881121, 0.26876230976131343, -0.4085694096064745, -0.19085252945374265, 0.7593287715045749, 0.7068978896755787, 0.5738431835496924, 0.04459911798020033, 0.1706151030843368], 'fitness': (0.9949614501661724,), 'features': (-0.32253876, 2.4975293)}]","[{'name': '1709154985493-9783', 'genom': [-0.06094711771529493, 0.594255101257178, 0.3263513785017558, -0.02716480112423869, 0.023521304710765634, -0.42158639818364607, 0.21171572820613105, 0.7094291455430277, 0.6632596931530899, -0.29992253411860026, -0.8924032492392833, 0.17881965645994757, -0.830716377680921, -0.19114273902450063, 0.7010307605367796, 0.0626200957435663, 0.5815137395248853, 0.5753875318080053, -0.4404835537120362, 0.6949880936206629, 0.5757230222768666, -0.24959916276788796, 0.7393818794873102, 0.6500565577317694, -0.22734309402426978, -0.27177840627721506, 0.6123462423717005], 'fitness': (0.9945856094360351,), 'features': (-0.6800175, 3.359398)}]","[{'name': '1709090198877-208', 'genom': [0.9061262468383819, -0.3113856797709438, 0.29116321656310107, -0.08997335407182883, -0.14738553382904418, 0.9229609109071875, -0.9835441141836563, -0.9037593062638187, 0.09862442535587834, 0.28544154333170435, 0.850197310482314, 0.9194172363599931, 0.6966414945539756, 0.4052592374591759, -0.02618604488164178, -0.018084254806673306, 0.35801514189379313, -0.2921325292447139, -0.35372313358224594, 0.1335623511919537, -0.2966606182212497, 0.9829743438302305, -0.42119514279756887, -0.8172028121818944, -0.5703251728059835, -0.46945178294254464, 0.5689027050777544], 'fitness': (0.9182765907711453,), 'features': (-0.5656557, 4.075158)}]","[{'name': '1709090198877-208', 'genom': [0.9061262468383819, -0.3113856797709438, 0.29116321656310107, -0.08997335407182883, -0.11847895652622564, 0.9229609109071875, -0.9546100804018873, -0.9037593062638187, 0.09862442535587834, 0.6742606461568879, 0.850197310482314, 0.9194172363599931, 0.6966414945539756, 0.4052592374591759, -0.02618604488164178, -0.018084254806673306, 0.2140767419975329, -0.3022369163033405, -0.35372313358224594, 0.1335623511919537, -0.051415317763927604, 0.6373188482861902, -0.4674339853572864, -0.7869546472048694, -0.5703251728059835, -0.46945178294254464, 0.5689027050777544], 'fitness': (0.9737768199708726,), 'features': (-0.32114848, 5.266303)}]","[{'name': '1709090198877-208', 'genom': [0.9061262468383819, -0.3113856797709438, 0.325765045161001, -0.08997335407182883, -0.14738553382904418, 0.9229609109071875, -0.9835441141836563, -0.9037593062638187, 0.29511012606973663, 0.28544154333170435, 0.8282011545864953, 0.9241857725004481, 0.6966414945539756, 0.4052592374591759, -0.02618604488164178, -0.033585064316362434, 0.35801514189379313, -0.2921325292447139, -0.020585966686871293, 0.10643558853755697, -0.2966606182212497, 0.9829743438302305, -0.42119514279756887, -0.8473448429408548, -0.5703251728059835, -0.7501681813756598, 0.40929373730347907], 'fitness': (0.9995786100625992,), 'features': (-0.98401314, 6.7738347)}]","[{'name': '1709089023701-35', 'genom': [0.9021911422984643, 0.995931135974409, 0.4149140147931938, -0.469721381455656, -0.5404025397062078, 0.076455659663766, 0.8820455004365482, 0.025794371104482572, -0.011057578388978362, 0.10749917610161308, -0.5316201476104316, -0.3410616265345445, -0.36634278858035585, -0.5081163185174191, 0.9903991777021772, 0.3581298953658081, -0.8248412936369198, 0.7326180645645299, 0.7093066133710031, -0.23993149510214273, -0.27283087883870616, -0.9668100991116173, 0.7054439766021021, 0.1746986559903101, 0.28095468345007646, 0.5774232087884927, -0.08002282486618029], 'fitness': (0.959788997968038,), 'features': (-0.28603062, 7.526438)}]","[{'name': '1709098271369-1399', 'genom': [0.9448243681919601, 0.9095527679121971, -0.6639554642933958, 0.5376364786102936, 0.7771186153219825, 0.2548094919767474, -0.13529504820012161, -0.49122395750197745, 0.21876373828410411, 0.5348092883837496, -0.18758631223236577, -0.22735532850418205, -0.8435197637437521, -0.50451899630292, 0.2573893064764998, -0.7041290302173506, -0.13773298132904266, 0.4148118104052745, -0.6724211984351045, 0.16427769571372752, 0.6344817791396977, 0.5251417496712025, -0.0662312101882514, 0.6419592823066529, -0.34533870842912373, 0.12374999533042352, -0.4980200462079618], 'fitness': (0.994198677274916,), 'features': (-0.70268744, 8.517471)}]","[{'name': '1709098271369-1399', 'genom': [0.9448243681919601, 0.7384607994597985, -0.843880909669557, 0.5181667016805647, 0.8321903041258956, 0.11729416453266084, -0.13529504820012161, -0.5830422565377871, 0.6238726890001995, 0.2337412559528611, 0.12097067564253328, -0.1740117233966303, -0.9025490787436155, -0.24571156360376678, -0.05691655997279588, -0.5633492734763239, -0.09062517966636352, 0.33381870593613283, -0.7094804805971167, 0.16427769571372752, 0.6344817791396977, 0.5442245867192748, -0.3728845738718456, 0.6110403926091608, -0.17652249316898438, 0.29576015527757926, -0.396495737940604], 'fitness': (0.9662236981921726,), 'features': (-0.24662477, 9.250079)}]"
10,"[{'name': '1709091858376-449', 'genom': [0.46659083472342844, 0.3278062589746229, 0.6382791755168287, -0.786078391750398, 0.01248473413691431, -0.33770275407795003, -0.39906647636398085, 0.2840013754393209, 0.18766667445790253, -0.9379018107396926, 0.8275987072503161, -0.8759156206783643, 0.20724454598971875, -0.9376293724064952, -0.7071844896741122, 0.7308045898837772, -0.2564592131255481, -0.3651999505144894, -0.7298867598588341, -0.3001123354813191, -0.9991964653694501, -0.09523430568802782, 0.553199656531175, 0.11547358860365953, 0.3617774928816082, 0.6066146929948337, -0.34409728413415097], 'fitness': (0.7408979203965929,), 'features': (0.29721764, -9.378338)}]","[{'name': '1709095345341-965', 'genom': [0.8220129816994255, 0.7977369195216579, 0.23324826956714495, 0.19935535104343782, -0.6806385232609216, 0.7237707794802455, -0.660071696731219, 0.2453438488185351, -0.5803804827607795, 0.13628040715116851, -0.36320974130604156, 0.3501582783989794, -0.25727943692064503, 0.6495830042135253, 0.8636382416070856, -0.3366882395987487, -0.034923936112951415, 0.13691816796326028, 0.32554131587424573, -0.6775591486488735, -0.29538607719755317, 0.31983303313414924, 0.9346965229023694, -0.09864340589055098, -0.370842809629206, -0.3349951433443923, -0.6330110945694609], 'fitness': (0.9880456818474663,), 'features': (0.8320472, -8.650731)}]","[{'name': '1709090163133-203', 'genom': [0.559200371809081, 0.9422823411307995, -0.16648807150472011, 0.9373654799074451, 0.3930375136724804, 0.999758776974619, 0.6390625576319064, 0.29445261825689073, 0.9825154305529102, 0.9471476821254936, 0.13686073515347208, 0.10566865878319232, 0.10607771769813601, -0.8319079367282722, 0.616232305603261, 0.1698917719342219, -0.3662265263832851, -0.018340646247704262, 0.2637577352032672, -0.20194973922189408, 0.1766213239518808, 0.15541414654520103, 0.8967571674711503, -0.05448060435925961, -0.8837673407731075, 0.5863347710854754, -0.22662577255547078], 'fitness': (0.9383844799465604,), 'features': (0.43183148, -7.148833)}]","[{'name': '1709117034170-4140', 'genom': [0.6218412520068071, 0.8218699445776887, 0.42496068930973707, 0.021383989035288264, -0.46771442968738586, -0.6125377933117515, -0.3112528697647714, -0.23483527997803155, 0.7873521954906182, 0.7862769135381138, -0.9122908395610658, -0.729102057580792, 0.21280492524297934, 0.09051537103385687, -0.06245493678038194, -0.701063439037303, 0.1617040324033585, 0.9816969606819619, -0.2227282266693933, 0.34022903881619815, -0.06531634636317363, -0.5315678632542158, 0.03713835455803238, -0.9514711015277053, 0.22635928571862984, -0.3298694672414102, -0.5200129931736179], 'fitness': (0.9849458601739671,), 'features': (0.75449955, -6.6420074)}]","[{'name': '1709090163133-203', 'genom': [0.7578563472766138, 0.8909932301339942, -0.20009475152970313, 0.9265006713367554, 0.3930375136724804, 0.995875086335078, 0.4493225875399811, 0.29445261825689073, 0.9825154305529102, 0.9602562274159492, 0.4651948101046013, 0.09769154578459349, 0.106008673106605, -0.7765359058048569, 0.4936368543052816, 0.18577782332635806, -0.44749584742819004, -0.018340646247704262, 0.38641849814821483, -0.20194973922189408, 0.19099735117809558, 0.14686849709211347, 0.6088008897553061, -0.09584018217901646, -0.9716239044624131, 0.5863347710854754, -0.22308163441463424], 'fitness': (0.9829087681240506,), 'features': (0.10177505, -5.9990644)}]","[{'name': '1709139887830-7516', 'genom': [0.10985228977326877, 0.45299740631818497, 0.3067647446878461, 0.07670080458389927, 0.7599033124767811, 0.7152603336424488, 0.9995875329499855, 0.8435252813009573, -0.9660198724376243, 0.9768756208342071, -0.9983633662070521, -0.7068755986379189, 0.3771166369973502, 0.8520445652261874, -0.8045392063939292, 0.9067068150990873, 0.566834058570223, -0.6583050916214843, 0.9443803692083916, -0.5248323323636812, -0.1514249152037408, -0.06581318623170263, -0.44403362029464266, 0.672213465691333, 0.7386002111354577, 0.606505339545059, -0.2968632194342147], 'fitness': (0.9909677293565539,), 'features': (0.50135505, -4.11329)}]","[{'name': '1709094749681-877', 'genom': [0.6004812923874348, 0.4915242713949204, 0.3128958924444898, 0.2284187389008958, 0.6344420113860056, -0.911052721199346, 0.7574391281850072, -0.00017433894399321304, -0.2559612256604271, 0.9103144207414309, 0.8105089533964336, 0.6173131745080469, -0.003659423581653831, -0.6210478381943552, 0.051613969340819965, 0.6328458345718788, 0.5612553037367451, 0.8450327407393561, 0.44387926439193426, -0.581847558459428, 0.4475106570721852, 0.7005729368501938, -0.6446992712517647, -0.12997924102609737, -0.568947948016755, -0.5884086503613455, -0.007839045037288495], 'fitness': (0.9884996096293132,), 'features': (0.30903047, -3.615337)}]","[{'name': '1709133614863-6597', 'genom': [0.6171461023461162, 0.3764111804970569, -0.9444193854568654, -0.6724852978379718, 0.47158012340237576, 0.07221979414723156, 0.2765133214968145, -0.6602430206710383, 0.09417872706782449, 0.818590636677033, -0.41595088112622935, -0.18239261124379547, 0.24730560209027797, -0.030917534884926434, 0.9746302902305792, -0.5295337429338862, 0.9257747701650545, -0.839459269575358, 0.49741780473245134, -0.5635683620539165, -0.7703110241905684, -0.4081165873889485, -0.8494563421671488, -0.031691920510624305, -0.7992566953512881, -0.77989432282885, 0.8964870543447581], 'fitness': (0.9948970271481408,), 'features': (0.52383, -2.9318433)}]","[{'name': '1709088835793-6', 'genom': [0.15289701549024626, -0.13070327548599425, -0.5660197190307041, -0.697003285443095, -0.4975508833726652, -0.9635192745010339, -0.43191283070357267, -0.002259904157020154, 0.5192620226580764, 0.7288755584922202, 0.34012826928408235, 0.16164777740694647, 0.5213702092047516, 0.9800712468985673, 0.6229751944187669, 0.9228583657946747, -0.893450347179968, 0.004151768977327386, 0.4115003978869851, 0.6861758841768311, -0.25518412521079314, 0.14539177429186645, -0.48609410421791366, -0.021443992594840644, 0.33875402327929605, 0.5030894687039718, 0.9939612624763556], 'fitness': (0.9983399209049013,), 'features': (0.3843806, -1.3668863)}]","[{'name': '1709129139465-5935', 'genom': [-0.9327592858237013, -0.8256047922489831, -0.26073122287808315, 0.46624835426617395, -0.012438780497784352, 0.09930034809288535, -0.22100753223502378, 0.8829857361370572, 0.7875748830181615, -0.16675770670010492, -0.32782446037022983, 0.3569969885653419, 0.004582321741820161, 0.13471446268362763, -0.09457857264971925, -0.3583252298722832, -0.4910665434847885, -0.6003113182857507, 0.12688927432492725, -0.44531525226363033, 0.9357374020232045, 0.8671941277904063, 0.5403906647693475, -0.4300675656780497, 0.14095768116845164, 0.9755410634960564, -0.10201471597861755], 'fitness': (0.9991944740215938,), 'features': (0.15829106, -0.09117814)}]","[{'name': '1709141387242-7732', 'genom': [0.5540651945162962, -0.3267065591466938, -0.04299741294288961, -0.27754480916999347, 0.15959467740328215, 0.4156699420766403, 0.04389567065432631, 0.315026876182384, -0.3029748904570957, 0.46791159643811153, -0.4772294894797955, 0.30521004830728926, 0.9591030623288932, 0.5690553493303034, 0.6213853329704848, -0.7983575840411554, -0.008181108804145687, 0.3659718087845847, -0.5301421735140648, 0.46512051916670116, 0.47079870744262076, 0.689458775812495, 0.10969978935022251, -0.8045999046330088, -0.26856537526295154, 0.7085227384218351, -0.5091680052298524], 'fitness': (0.9990951961941189,), 'features': (0.14264202, 0.53687644)}]","[{'name': '1709096721828-1168', 'genom': [0.6640669540737487, 0.8878935622323882, -0.8725885658505479, -0.7395416342754606, 0.7755336167587417, -0.23094037241707244, -0.6277910245341194, -0.5431334679002571, 0.953241134533523, -0.1693817620235265, 0.5124320267809683, 0.5999203724888129, -0.8745169192177664, -0.53672076826351, -0.747949335005071, 0.3664848271430614, -0.07492037081530478, -0.9152270065451136, 0.6171519380742407, 0.07568450218133638, 0.8973239681977234, 0.902574821999294, -0.5264815561617586, 0.9330032679576952, -0.832303932743266, 0.7640143968747095, -0.5460069498133902], 'fitness': (0.9988244598110517,), 'features': (0.19449973, 1.1798896)}]","[{'name': '1709110618654-3202', 'genom': [0.5231964989213609, 0.1119689605783758, 0.09745520676382324, 0.15131716666382933, -0.06272218544457009, 0.07305134326930895, -0.2516643008466579, 0.5600117140390417, -0.262323200375423, 0.7215505433362346, 0.5091543533744716, -0.7912655929965269, 0.4203044066716257, -0.2024089080693372, 0.32536744290116704, -0.24833908317805387, -0.4883045170921998, 0.8198496425634036, -0.8594443460268453, -0.18409011200778314, 0.11823810874846807, -0.7475581085597311, -0.6662491800181218, 0.4573299508331461, 0.3039125581490103, -0.9786904706053932, -0.9083385196552451], 'fitness': (0.9861562755372789,), 'features': (0.043131594, 2.50354)}]","[{'name': '1709090006069-180', 'genom': [0.14253474070847094, 0.11360925479043416, -0.6213993076781565, -0.055806410445143007, -0.5869366876933284, -0.37068977205267073, 0.4806969567787407, -0.10257435715311458, -0.7077569745206789, -0.381779941326982, 0.6520322268831571, -0.13782209653385835, 0.5192302800508035, 0.20685347386066777, -0.8450391806853126, 0.5441392014314748, 0.5775002753272731, 0.703745995284077, 0.6622501656804869, -0.4953820041467185, 0.023710267883159997, 0.2581908508300479, -0.10549901253581218, 0.6100421308923876, -0.20886446808694314, -0.3688006771327401, 0.2902535511417552], 'fitness': (0.9920219633314344,), 'features': (0.44081464, 3.4425316)}]","[{'name': '1709097283143-1251', 'genom': [0.11817717037781605, 0.0006104645826743305, 0.6958101829444214, -0.6077394053017686, 0.756463461670299, 0.9289411412151589, -0.7076819771869292, 0.5745395835018148, -0.2574445545355324, -0.8941887365828625, -0.261246443455869, -0.0910787614625832, 0.20156185816741568, -0.810771285419833, 0.4287115336705132, -0.20519156888536227, -0.9449351401170549, -0.9985038344669932, 0.7646685118847361, 0.7393961086528094, -0.48940227895257604, 0.30272053481310013, 0.45123900020182717, 0.907638525642374, -0.6884093348085276, -0.5539074412272929, -0.6769530750746511], 'fitness': (0.9924106929037306,), 'features': (0.10572857, 4.93638)}]","[{'name': '1709115536862-3922', 'genom': [-0.13433151656796083, 0.9276636722273066, -0.9479735874569286, 0.8275882100619842, 0.05062058910834666, -0.9226998482096864, 0.8497415223547014, 0.23785071509252176, -0.3425186214406062, 0.6817983868751638, 0.9054319190149389, 0.8807962528477655, -0.5634568881032134, -0.5857900754099299, 0.9757466597239544, 0.1855523357225224, -0.6880241264420557, 0.8612725032563167, -0.17048925977929286, 0.906423913945732, -0.741540661915641, 0.30620353590937555, 0.5469312560195023, -0.8528628756435235, 0.7782440935100241, -0.11032633474398201, -0.5848352961454617], 'fitness': (0.963619942135281,), 'features': (0.8231805, 5.6160984)}]","[{'name': '1709090198877-208', 'genom': [0.9299469850312643, -0.3113856797709438, 0.29116321656310107, -0.08997335407182883, -0.14738553382904418, 0.9229609109071875, -0.9835441141836563, -0.9770337831167222, 0.09862442535587834, 0.20020047470364055, 0.850197310482314, 0.9194172363599931, 0.6966414945539756, 0.4052592374591759, -0.12501532815014205, -0.018084254806673306, 0.35801514189379313, -0.3483490632178037, -0.35372313358224594, 0.21801323230030123, -0.2966606182212497, 0.9238196995703365, -0.47760047196568234, -0.8317560725001198, -0.5703251728059835, -0.46945178294254464, 0.5689027050777544], 'fitness': (0.9823258611891005,), 'features': (0.26558638, 6.5037103)}]","[{'name': '1709090198877-208', 'genom': [0.9061262468383819, -0.2710166722645557, 0.27730051957489943, -0.11583161839805589, -0.14738553382904418, 0.5427762121659803, -0.9890949285922996, -0.8875695934560239, -0.008688673813610048, 0.41410812953135956, 0.7262643073118882, 0.9780699457376507, 0.6966414945539756, 0.46490495147249966, -0.05804061745814337, 0.09572790914100482, 0.4419862283026845, -0.28051490481086505, -0.35372313358224594, 0.24506296904441083, -0.270503295565381, 0.9829743438302305, -0.5490517248038111, -0.8172028121818944, -0.7606969935794174, -0.46945178294254464, 0.6336777685226109], 'fitness': (0.9978788799709744,), 'features': (0.38016775, 7.6964717)}]","[{'name': '1709098271369-1399', 'genom': [0.9448243681919601, 0.6936734161198821, -0.6546366189711419, 0.5671310569177632, 0.8283564588261771, 0.24131694437131945, -0.19956270583406965, -0.6208270351060214, 0.6238726890001995, 0.38288819299848464, 0.07391735496979268, -0.3728607831986306, -0.9969129636839187, -0.23036640539975273, 0.21725901443732942, -0.6192926636026819, -0.13773298132904266, 0.4148118104052745, -0.7094804805971167, 0.16427769571372752, 0.661221603854883, 0.47123650554390273, -0.21837860880685844, 0.6419592823066529, 0.0019692136659617, -0.13338155737555923, -0.4980200462079618], 'fitness': (0.8874854299757216,), 'features': (0.2530688, 8.270371)}]","[{'name': '1709098271369-1399', 'genom': [0.9448243681919601, 0.7026008646823287, -0.843880909669557, 0.5181667016805647, 0.8321903041258956, 0.11729416453266084, -0.13529504820012161, -0.5830422565377871, 0.6238726890001995, 0.38288819299848464, 0.12097067564253328, -0.07512963100407233, -0.9741718885919906, -0.24571156360376678, -0.05691655997279588, -0.6190353778883722, -0.09062517966636352, 0.4148118104052745, -0.7094804805971167, 0.16427769571372752, 0.6344817791396977, 0.5442245867192748, -0.3927926435709117, 0.6110403926091608, 0.051799064953908625, 0.29576015527757926, -0.396495737940604], 'fitness': (0.9790407988760207,), 'features': (0.823607, 9.622247)}]"
11,"[{'name': '1709095197147-943', 'genom': [0.951350882573321, -0.2565863302619358, 0.7764754112328027, -0.7846217421349557, 0.40213511881027486, 0.5085977292184254, 0.9365947600320679, 0.37661187218653236, -0.5293374925059444, 0.6159969690605287, -0.5204959916748699, -0.3487696986613591, 0.6950474250058163, -0.7627439533460321, 0.7188875046652952, 0.9123857138455604, 0.6996921256738962, 0.7012653548365011, 0.2045115540983642, -0.22331788879532155, 0.08899195497717116, -0.807847907095858, 0.9778476286369819, -0.6658672506581003, -0.14264906400057353, -0.6112757479417987, 0.06484358713280902], 'fitness': (0.8440428415934245,), 'features': (1.4327332, -9.141047)}]","[{'name': '1709091858376-449', 'genom': [0.46659083472342844, 0.2771982009517482, 0.670491035218447, -0.786078391750398, 0.12653459046566207, -0.2976766022882955, -0.2928449653641383, 0.3883971557699897, 0.21485776086138464, -0.7463848960830723, 0.8343197610431159, -0.9157635058423257, 0.1010662564180198, -0.9376293724064952, -0.617745379642676, 0.592571432721094, -0.2578556434025796, -0.2951604119869007, -0.7193251435757841, 0.13195681318934627, -0.9434374283972469, -0.20098847590884272, 0.6138831719995592, 0.14953646671341803, 0.47925594022621376, 0.6066146929948337, -0.25433038838481203], 'fitness': (0.9886362380451627,), 'features': (1.5294031, -8.713977)}]","[{'name': '1709090163133-203', 'genom': [0.6116874593511441, 0.8909932301339942, -0.16648807150472011, 0.936714505568621, 0.3930375136724804, 0.9993856577239619, 0.6390625576319064, 0.29445261825689073, 0.9825154305529102, 0.9602562274159492, 0.13686073515347208, 0.10566865878319232, 0.10607771769813601, -0.8319079367282722, 0.616232305603261, 0.1698917719342219, -0.3662265263832851, -0.018340646247704262, 0.2637577352032672, -0.20194973922189408, 0.15833459382253712, 0.15541414654520103, 0.8967571674711503, -0.10665376411956773, -0.8837673407731075, 0.5863347710854754, -0.22662577255547078], 'fitness': (0.9859137508604262,), 'features': (1.0179125, -7.872255)}]","[{'name': '1709094749681-877', 'genom': [0.6050231881671158, 0.5931593711020127, 0.3128958924444898, 0.14553713194118467, 0.6344420113860056, -0.911052721199346, 0.8576447181901732, -0.00017433894399321304, -0.2559612256604271, 0.9103144207414309, 0.8105089533964336, 0.749298612642471, -0.003659423581653831, -0.6193038148303442, 0.051613969340819965, 0.7210715740775797, 0.5612553037367451, 0.8450327407393561, 0.35950412088541683, -0.581847558459428, 0.5154291114835408, 0.7005729368501938, -0.6446992712517647, -0.2682430385865686, -0.5763989878750286, -0.5884086503613455, -0.007839045037288495], 'fitness': (0.9650818506876627,), 'features': (1.0366361, -6.539555)}]","[{'name': '1709093495745-691', 'genom': [-0.9708237343194008, 0.8189444538951964, 0.9561157434568517, -0.9818025970829074, -0.5615118449320924, -0.3388816386405351, 0.796391447739548, 0.40984302226771896, 0.6686493965322524, -0.06032483740497829, -0.9660606095000859, 0.5359138150435923, -0.5868168548107708, 0.8993286095377149, 0.630176913197116, -0.6219157478938913, 0.18814100274547152, 0.6249884136986803, 0.2688115520901706, 0.9942877570037052, -0.005215121226057606, 0.04982979835917134, 0.029665355778184965, -0.03004709185225707, 0.2664223628125293, -0.49297885338445346, -0.7535452358818362], 'fitness': (0.9637897359000311,), 'features': (1.3290864, -5.120312)}]","[{'name': '1709092342276-520', 'genom': [0.39629615117612005, -0.9176400503847393, 0.8783342415403481, -0.5481483198585775, 0.19998615562972577, 0.7490676098859803, 0.43746041012540493, -0.14425374838140215, -0.3390307371767216, 0.9736829725937692, -0.5998552240089163, -0.8615059615427556, -0.56490785017061, -0.6712071140789302, 0.6793115565935046, 0.789859680724817, -0.42555828247980143, 0.34731223621234664, -0.4356323837143621, -0.640511587287123, -0.407762731423404, -0.7005679020291677, -0.4036649302397235, 0.48538461258608034, 0.5529473792291784, -0.5532957569403272, 0.878594883236852], 'fitness': (0.9551617940266927,), 'features': (1.6140558, -4.8233967)}]","[{'name': '1709101755914-1911', 'genom': [-0.6866882057373886, 0.4600813932970833, 0.161121761424873, 0.03678839367288633, -0.9994691356434913, 0.518932236182873, 0.8551249328451833, 0.15026208351046666, 0.5961719539992429, 0.5983556648223061, 0.1261832366247937, -0.37696718194374346, 0.4092358078587377, -0.4381737312907632, 0.914577200147205, 0.37396254220763825, 0.7797768244461192, -0.07322051579366651, 0.01505353141040322, 0.0886178796105015, 0.7671167035358035, -0.3109703116588731, -0.3716395839278053, -0.6099677850662406, 0.3733774860140844, -0.4447467135553771, 0.6652318454396264], 'fitness': (0.9954169948895772,), 'features': (1.7962339, -3.0187218)}]","[{'name': '1709141737453-7782', 'genom': [0.8299597362081799, -0.8421563606058571, 0.685584218984751, -0.4914560024218322, -0.6296366110569944, -0.1946765569029627, -0.09319508623952322, -0.8096632118176332, 0.486440923418638, 0.47042226773012197, -0.23005563831297415, 0.009759148010421992, 0.9577282847565902, 0.38514505213043626, 0.9453873545278404, 0.17856855440404273, 0.7008528561359064, 0.017230123539995423, 0.6101617555095842, 0.6503532089515554, 0.4582329362667006, 0.25155561820055894, 0.05306716386659849, -0.6503121313644487, 0.01894583398569738, 0.9631098444050541, 0.1202905656528308], 'fitness': (0.9922931068473392,), 'features': (1.7267325, -2.929827)}]","[{'name': '1709115118374-3861', 'genom': [-0.7251311687668771, -0.8221448639139455, 0.880571327852242, 0.4129344979371725, 0.5391050341545738, 0.7476748115541179, -0.29234131334195346, -0.14589827364035424, 0.7076961503028347, 0.6882118858278607, 0.7151365152724523, 0.7354105661098451, 0.12902580868911384, 0.9852070645426974, -0.0701015124869897, -0.004539368263537735, -0.7189934974602976, -0.8935101255834774, -0.24595499506303797, 0.6625602185246895, -0.15556678453915418, 0.5777103396912293, 0.7126900541455707, 0.13035115032874467, -0.11086801614387753, -0.7167612266665475, -0.4760586594149909], 'fitness': (0.9992933485243055,), 'features': (1.8538015, -1.3764983)}]","[{'name': '1709154020732-9629', 'genom': [0.8222330177532591, 0.07776741050220459, -0.5549795419588683, -0.7295174947242598, 0.9062002745289934, 0.28732307677870517, -0.4479824787324598, -0.9281377591610742, -0.8172913308159546, 0.03557011399316701, -0.9166567783151096, -0.8739063694484142, 0.014440882107118469, 0.14068120426837183, 0.21600595135251344, 0.023456611867982202, -0.8238232289072525, -0.13028010588484729, -0.2742603559993999, -0.196097379518946, -0.09476721550280476, -0.892840069800164, 0.04447308246284343, 0.3449781066965083, 0.8229154947429951, -0.4216123432626746, 0.48537759304036476], 'fitness': (0.9964031643337674,), 'features': (1.0565544, -0.5495043)}]","[{'name': '1709094405579-826', 'genom': [-0.6066426817292514, -0.8947858765984447, 0.7112607339932904, 0.6513894115788132, 0.6098463409176731, -0.8983394515978735, -0.5817705671955826, -0.6060356884673195, 0.7319262484022775, 0.9970911558401367, -0.7844664520084563, -0.5524800978874318, 0.27978628904449954, 0.29016902919618937, -0.668410867477226, 0.7066826462193676, 0.8351064924805509, 0.41399082276580335, 0.10080263872866846, -0.5311039723494437, -0.2870638555187395, 0.4001695963197589, 0.25973804738279727, 0.8561081095864507, 0.8890807588010221, 0.8895884796997866, 0.053866941730055906], 'fitness': (0.997579844461547,), 'features': (1.6279919, 0.55650985)}]","[{'name': '1709143456176-8029', 'genom': [0.8591122365017092, 0.1738087959611918, 0.8214816775703222, -0.6773372472932098, 0.8842642221442185, 0.6197671845518706, -0.07546862141739963, -0.6958085660046673, 0.20566799464562346, 0.6580570777683201, 0.2787204070783704, 0.8104616131535185, -0.03681711744603677, 0.6404722055049128, -0.5605966410092937, 0.39268682284489764, 0.9540466216740016, 0.717734257779856, -0.26464913465619055, 0.3226886000803826, 0.12996379900295008, 0.16105807794887683, -0.21461981318444834, 0.12017877842827396, 0.9974988370198061, -0.40877743415443524, -0.6208276459892319], 'fitness': (0.9977698940369818,), 'features': (1.8133903, 1.1113455)}]","[{'name': '1709119015619-4429', 'genom': [0.7018192654897661, -0.5484462672267023, -0.40998362382689413, 0.7792954523514204, -0.1613414650242564, 0.7455388238284861, -0.2269537999917346, -0.6788294497650396, 0.06336996579157628, -0.6617291265729008, -0.7314908105010425, 0.9514047370186087, 0.5968023585382412, 0.44019231472759834, 0.3636173852845903, 0.7140485214244183, -0.4188822451265122, -0.6774239069045929, -0.7957851421956708, 0.047803024112200054, 0.24261147549705342, 0.533499314180292, 0.5597082925513759, -0.7203390592321179, 0.9716368287851698, 0.815876073796763, -0.3489331962898641], 'fitness': (0.9965311017301347,), 'features': (1.5756869, 2.063335)}]","[{'name': '1709155149606-9812', 'genom': [0.27554534538068753, 0.23794548974138308, 0.40959487357864544, -0.23415435267504736, -0.8533019519665264, -0.4198251458307416, 0.7304663685178707, -0.012809025281561581, -0.6953638908026534, -0.09813818987535705, 0.39916431030185384, 0.1533066849761111, -0.258093286731113, 0.15899785278532685, -0.02850919858465195, 0.2561311476136232, 0.5560289974554422, -0.651816400422677, -0.9273733632374119, -0.8912583580176543, 0.3776552919931033, 0.6480878542122379, 0.45865673049303535, 0.007047673535492738, -0.1380522334697658, 0.9412088802592224, 0.1637371880413594], 'fitness': (0.9927523944112989,), 'features': (1.8965161, 3.87865)}]","[{'name': '1709097283143-1251', 'genom': [0.11817717037781605, 0.0006104645826743305, 0.6958101829444214, -0.6077394053017686, 0.7367887173843233, 0.9289411412151589, -0.7076819771869292, 0.5745395835018148, -0.2574445545355324, -0.8941887365828625, -0.261246443455869, -0.0910787614625832, 0.20156185816741568, -0.7526696333039895, 0.4287115336705132, -0.20519156888536227, -0.9449351401170549, -0.9985038344669932, 0.7646685118847361, 0.7393961086528094, -0.48940227895257604, 0.30272053481310013, 0.45123900020182717, 0.907638525642374, -0.6884093348085276, -0.5539074412272929, -0.6769530750746511], 'fitness': (0.9839418676164415,), 'features': (1.563728, 4.4918437)}]","[{'name': '1709090198877-208', 'genom': [0.9061262468383819, 0.032473935736546444, 0.29116321656310107, -0.1063512906819073, -0.14738553382904418, 0.5427762121659803, -0.9890949285922996, -0.9037593062638187, 0.09862442535587834, 0.28544154333170435, 0.850197310482314, 0.9194172363599931, 0.6966414945539756, 0.4207026879353888, -0.05804061745814337, -0.018084254806673306, 0.35801514189379313, -0.35584605192090324, -0.40798294610951547, 0.18980209029167883, -0.31466997615327297, 0.9829743438302305, -0.42119514279756887, -0.5665337782687792, -0.5703251728059835, -0.46945178294254464, 0.6336777685226109], 'fitness': (0.9886943817138671,), 'features': (1.3296374, 5.967503)}]","[{'name': '1709090198877-208', 'genom': [0.9061262468383819, -0.3113856797709438, 0.29116321656310107, -0.08997335407182883, -0.14738553382904418, 0.9229609109071875, -0.9835441141836563, -0.9037593062638187, 0.29511012606973663, 0.28544154333170435, 0.8806998513311539, 0.9241857725004481, 0.6966414945539756, 0.4052592374591759, -0.05938345684705504, 0.024290015114058816, 0.35801514189379313, -0.2527513876550196, -0.04527400288415229, 0.12611708589842752, -0.2966606182212497, 0.9829743438302305, -0.37170493150656525, -0.8490444976594154, -0.5703251728059835, -0.46945178294254464, 0.5512008208949672], 'fitness': (0.9808878156873915,), 'features': (1.008486, 6.5374517)}]","[{'name': '1709089023701-35', 'genom': [0.7075133063160435, 0.9607631143289153, 0.3446602723602672, -0.42226044049806566, -0.6093804158199192, 0.076455659663766, 0.8820455004365482, 0.025794371104482572, 0.09588360072558255, 0.030782265279321264, -0.5316201476104316, -0.3410616265345445, -0.36634278858035585, -0.5081163185174191, 0.9968783129364891, 0.38577825158749257, -0.8248412936369198, 0.7108991560779148, 0.8790666854147049, -0.23993149510214273, -0.35605616266263596, -0.9074345448753385, 0.6680987419331879, 0.1746986559903101, -0.19118306188778167, 0.47282424548736235, -0.07141662794511938], 'fitness': (0.9703325748443603,), 'features': (1.3498693, 7.211772)}]","[{'name': '1709089023701-35', 'genom': [0.997320728346081, 0.9682468329786487, 0.4149140147931938, -0.46411215015506113, -0.388043059621042, 0.076455659663766, 0.7813743111158946, 0.025794371104482572, -0.05138566738414774, 0.17654152512936472, -0.5316201476104316, -0.22211209221410533, -0.36634278858035585, -0.48075194745725525, 0.9876105018225747, 0.38577825158749257, -0.7535526037227778, 0.7108991560779148, 0.7093066133710031, -0.18893459769305854, -0.1609273654841159, -0.9074345448753385, 0.7054439766021021, 0.1658459505291041, -0.19118306188778167, 0.6510385135519465, -0.08760642675538732], 'fitness': (0.8756972630818685,), 'features': (1.2216688, 8.834529)}]","[{'name': '1709098271369-1399', 'genom': [0.9350098784788834, 0.7026008646823287, -0.6965104555783868, 0.5181667016805647, 0.9213005496520468, 0.11729416453266084, -0.13529504820012161, -0.33613676350102106, 0.6834184670494419, 0.38288819299848464, 0.12835173584496662, -0.07512963100407233, -0.9686990334301471, -0.24571156360376678, -0.05691655997279588, -0.7041290302173506, -0.09062517966636352, 0.4148118104052745, -0.7615549748997361, 0.16427769571372752, 0.6344817791396977, 0.5170030224139399, -0.06525995838229082, 0.7074404097182703, 0.08070852739608858, 0.27627094980201794, -0.3927526419398075], 'fitness': (0.794017473856608,), 'features': (1.7977397, 9.050908)}]"
12,"[{'name': '1709095197147-943', 'genom': [0.9501773982253963, -0.2565863302619358, 0.7764754112328027, -0.7846217421349557, 0.40213511881027486, 0.5085977292184254, 0.9365947600320679, 0.46759472351417286, -0.3524516266935134, 0.6189395338465862, -0.5204959916748699, -0.30709126558236743, 0.6998918915020236, -0.7627439533460321, 0.7188875046652952, 0.9123857138455604, 0.6996921256738962, 0.7012653548365011, 0.2045115540983642, -0.22331788879532155, 0.05607097807400496, -0.807847907095858, 0.9778476286369819, -0.6658672506581003, -0.14264906400057353, -0.6112757479417987, 0.06484358713280902], 'fitness': (0.8654045528835721,), 'features': (2.7166789, -9.522143)}]","[{'name': '1709091858376-449', 'genom': [0.46659083472342844, 0.2826280486571291, 0.670491035218447, -0.786078391750398, 0.06647603978890437, -0.29651575835838107, -0.39906647636398085, 0.2840013754393209, 0.18766667445790253, -0.9379018107396926, 0.8275987072503161, -0.9165916201209496, 0.21120992463320354, -0.9376293724064952, -0.7071844896741122, 0.7308045898837772, -0.2564592131255481, -0.36440819679905223, -0.7298867598588341, -0.34114645255463616, -0.9091806969713674, -0.09523430568802782, 0.553199656531175, 0.11547358860365953, 0.3617774928816082, 0.6066146929948337, -0.37588741367647693], 'fitness': (0.9846743557188246,), 'features': (2.8466249, -8.278433)}]","[{'name': '1709093495745-691', 'genom': [-0.9708237343194008, 0.8798783117057709, 0.9976396267221079, -0.9792579621824722, -0.46276670619352234, -0.2100738704474978, 0.6355068380847302, 0.39851835092899845, 0.7399439266937513, 0.010355099627541442, -0.9660606095000859, 0.5359138150435923, -0.5131025679099548, 0.8993286095377149, 0.630176913197116, -0.9905983822677229, 0.11506843211212847, 0.6583900658770578, 0.16734262767787222, 0.7965829299066602, -0.022611685164033446, 0.05571963492458343, 0.13081839837840192, -0.2179461364330968, 0.35641058936429837, -0.31309184202244, -0.6750758960648429], 'fitness': (0.9216401629977756,), 'features': (2.7490425, -7.3523984)}]","[{'name': '1709117034170-4140', 'genom': [0.6218412520068071, 0.8218699445776887, 0.42496068930973707, 0.021383989035288264, -0.46771442968738586, -0.6125377933117515, -0.3112528697647714, -0.23483527997803155, 0.8332307727395623, 0.7862769135381138, -0.9122908395610658, -0.729102057580792, 0.21280492524297934, 0.09051537103385687, -0.06245493678038194, -0.7482267259971065, 0.1617040324033585, 0.9378978107030937, -0.2227282266693933, 0.34022903881619815, -0.06531634636317363, -0.5667057975298488, 0.03713835455803238, -0.9514711015277053, 0.22635928571862984, -0.3298694672414102, -0.5200129931736179], 'fitness': (0.9791381729973687,), 'features': (2.8740523, -6.0409713)}]","[{'name': '1709093495745-691', 'genom': [-0.9708237343194008, 0.8189444538951964, 0.9250259084874604, -0.9618191471052535, -0.46591940490830974, -0.2100738704474978, 0.7136138192676567, 0.40984302226771896, 0.6686493965322524, 0.010355099627541442, -0.9660606095000859, 0.382146448605172, -0.5868168548107708, 0.8138501619960692, 0.630176913197116, -0.6219157478938913, 0.07465425558987904, 0.6249884136986803, 0.20465742337504222, 0.9942877570037052, -0.022611685164033446, 0.03414937186510736, 0.11016552603961682, -0.026244753311776448, 0.20279110946913037, -0.25984314723866353, -0.7535452358818362], 'fitness': (0.9860710779825846,), 'features': (2.131483, -5.617398)}]","[{'name': '1709101755914-1911', 'genom': [-0.6215411056893763, 0.5750778258664897, 0.161121761424873, 0.03678839367288633, -0.9994691356434913, 0.518932236182873, 0.8551249328451833, 0.15026208351046666, 0.7400041877771248, 0.5770518292125095, 0.19351074668251633, -0.3696000550082974, 0.4092358078587377, -0.4381737312907632, 0.914577200147205, 0.37396254220763825, 0.7176069566269383, -0.03712422457330611, 0.01505353141040322, 0.04557443629433866, 0.7242284810062374, -0.3109703116588731, -0.3716395839278053, -0.6041418460334123, 0.3733774860140844, -0.4447467135553771, 0.4672177804703548], 'fitness': (0.9819921599494086,), 'features': (2.8714912, -4.7794275)}]","[{'name': '1709102366610-2000', 'genom': [0.26220673355610424, 0.7293041209081927, 0.061424752726187526, -0.2602337226315796, -0.9137664918062101, -0.09202567173382348, 0.044757459863727034, 0.04591713044462331, 0.6501806036346218, 0.05152840020482796, 0.5102185216063766, 0.6031511468908146, 0.3037797064838035, -0.42161926986882614, -0.3469903902109974, 0.0026367351185363486, -0.7676151166646452, -0.41359517889512887, -0.004742391019592063, -0.3102276594567559, 0.2798661799010289, -0.3518039460790052, -0.6832514344395741, 0.10542333169072471, 0.9395315469790588, 0.41494676726061175, -0.7691156800677987], 'fitness': (0.9963328427738614,), 'features': (2.4225283, -3.483464)}]","[{'name': '1709088912412-18', 'genom': [0.8098368617189442, 0.462448021615375, -0.5243134136965335, -0.9177248919212708, 0.25740896923575796, -0.43094144441784166, 0.5005777833716423, -0.05805248673557184, -0.6240701334186862, -0.3758124649664656, -0.1356802633144274, -0.30045814621766875, 0.6831245694790289, 0.5753342542307944, 0.7883106484419569, -0.12465647190699536, 0.851745071043994, 0.9406702518899772, -0.16883591984807733, -0.8764791845856512, -0.65886621529701, 0.9585822763571661, 0.22411215282030983, -0.10938770759796368, -0.11472430534412847, -0.5198677369847857, 0.07634088503577052], 'fitness': (0.9966221345795525,), 'features': (2.6273382, -2.943211)}]","[{'name': '1709124993839-5316', 'genom': [-0.3490832007246263, -0.10675309573350633, 0.9429894767020011, 0.001825248548220415, -0.3999075493070594, 0.026623469324960514, 0.073827854101288, -0.7870140142031801, -0.11574312896655292, -0.11870341496873249, 0.834083078980216, -0.6005698539625615, -0.06357555351627076, -0.9902272986107026, -0.7544856067515919, 0.6066666696104204, -0.547581111804935, -0.24721213144362109, 0.06301780759366338, -0.3758431234930495, 0.4265748223397421, 0.9340945015175968, -0.8005746115005006, -0.5024946654488334, -0.16953388785841428, -0.7253851756976897, -0.6291562285926378], 'fitness': (0.98902940220303,), 'features': (2.9202242, -1.6445814)}]","[{'name': '1709096796619-1179', 'genom': [0.022019934224408066, -0.5803897758573067, 0.5531388733045863, 0.6047265000731397, -0.9903981584820791, -0.806359156324258, 0.7725601184137147, -0.23396430489355136, -0.39922179585897966, -0.443240680614561, -0.2878478368151023, -0.1593239863866489, -0.8390702894468522, -0.39685250572120356, 0.350187139999109, -0.08625474800605915, 0.1250966166272558, 0.8494703969490027, 0.32171838110742224, -0.3284767072515635, 0.10941400328595363, 0.6515662796142667, -0.322697640746219, 0.36302495556608627, -0.08168645939689778, 0.8802189104855689, -0.9610919898548989], 'fitness': (0.9905993011262682,), 'features': (2.054832, -0.8063348)}]","[{'name': '1709098278486-1400', 'genom': [0.03013529832274897, -0.029284026793804152, -0.8914254220916866, 0.38396024074246515, 0.11656244090561985, 0.8282282005239285, -0.29206408069749945, 0.6959892855985288, 0.4602442247781615, -0.6614275685203073, 0.9736777277805695, -0.788383696509636, 0.9959264870837343, 0.06889080617417442, 0.07684007182005814, 0.5393670338376177, 0.3777580259802398, -0.7295700390664726, 0.418471541718509, 0.17454867154368658, -0.8274253841244603, 0.16707069184223555, 0.9027239391315736, 0.9788874242402896, 0.45300109591732585, -0.36563117395728795, -0.8555247608536816], 'fitness': (0.9938425699869792,), 'features': (2.9355764, 0.9031048)}]","[{'name': '1709102707147-2051', 'genom': [0.6297174013926972, -0.9983520527638041, -0.5535125511177492, -0.06957959971074668, 0.606517703663032, -0.8237923672347929, 0.12422212697537605, 0.7695027780059209, 0.1061919015408479, 0.1771432773706505, -0.9417575423663604, 0.8711364021201509, -0.11089404479520915, 0.16779350387699155, 0.8610534708626696, -0.18250505914598536, -0.8457679974160537, 0.2946396473150281, -0.5880103899981743, 0.3546665200811645, 0.5219814048937428, -0.5830072600484646, -0.8557154239043103, -0.9089309772632395, 0.18109790696259997, -0.7006644981548324, 0.9633083052161084], 'fitness': (0.9995200673739115,), 'features': (2.9484923, 1.4397728)}]","[{'name': '1709090630777-271', 'genom': [-0.7196685099633326, 0.5346909437408573, 0.12473377600785218, 0.5766646856816107, -0.05385244824832447, 0.24511739833682356, -0.6188302300185755, 0.9457906062947119, 0.08461060466253012, -0.21116466443002757, 0.6624846038589598, -0.38720931297553784, -0.7710720601336538, 0.8902915873843213, 0.09159226036369161, -0.19492236585949585, 0.8725775298393754, -0.3282545659873708, -0.7782909453697673, -0.3234947419612404, -0.30827372848170786, -0.9481239259532779, 0.9952307835826248, 0.20922462091826421, -0.5709597223714196, 0.5833301983500911, -0.03364178990465527], 'fitness': (0.9989717985192935,), 'features': (2.7518039, 2.5212586)}]","[{'name': '1709155314182-9844', 'genom': [0.7492304208765337, -0.06865598707029541, -0.3430190409024323, 0.2476528600459713, 0.591060898433811, -0.6291016581332123, 0.08621100986151409, 0.36847664299448657, -0.6961787837062003, 0.7673849911386832, -0.20096187115381414, 0.6413832326387872, 0.6246627602208501, -0.9677133252062737, 0.17437822192747854, 0.4065675938867508, -0.7699049145332693, 0.3602187409253157, -0.8422210151397354, -0.5436139289400665, -0.3380503036314766, 0.6464120730151133, -0.61795543728866, 0.8448935175488332, -0.7051072982291089, -0.201452400652107, -0.06110122289900466], 'fitness': (0.9643296983506945,), 'features': (2.948524, 3.4082649)}]","[{'name': '1709096721828-1168', 'genom': [0.7136897799002542, 0.8878935622323882, -0.8725885658505479, -0.7395416342754606, 0.7755336167587417, -0.7143448507823835, -0.6277910245341194, -0.5431334679002571, 0.953241134533523, -0.1693817620235265, 0.4867453512682105, 0.5999203724888129, -0.8745169192177664, -0.53672076826351, -0.747949335005071, 0.3664848271430614, -0.08633763354932444, -0.9152270065451136, 0.6257467635024869, 0.07568450218133638, 0.8973239681977234, 0.902574821999294, -0.5264815561617586, 0.9330032679576952, -0.9411926672922577, 0.7640143968747095, -0.5460069498133902], 'fitness': (0.9680372026231554,), 'features': (2.0733993, 4.07807)}]","[{'name': '1709098949247-1499', 'genom': [-0.6216484033115686, 0.8482766687870715, -0.9573159559991493, -0.29360700324452593, -0.5117667809342705, -0.9022249813321184, 0.7024288472412155, -0.9420904363760034, -0.7138169567305694, 0.7477009153404319, -0.6301267474341092, -0.10614539344531071, -0.6411307318806521, 0.41510652635343037, -0.20807526656234843, -0.08921970061472195, 0.20831687337081828, 0.5905781478231567, -0.7863996700430322, -0.3755997065642076, -0.3571372277907867, 0.47658092621681325, 0.2457352167658975, 0.6227336263581194, -0.18141080490249673, -0.7504888433045829, -0.28578299558329623], 'fitness': (0.9948657270934846,), 'features': (2.3222463, 5.0179024)}]","[{'name': '1709090198877-208', 'genom': [0.9061262468383819, -0.3113856797709438, 0.29116321656310107, -0.08997335407182883, -0.14738553382904418, 0.9229609109071875, -0.9835441141836563, -0.9037593062638187, 0.29511012606973663, 0.28544154333170435, 0.850197310482314, 0.9241857725004481, 0.6966414945539756, 0.4052592374591759, -0.02618604488164178, 0.024290015114058816, 0.35801514189379313, -0.2921325292447139, -0.04527400288415229, 0.12611708589842752, -0.2966606182212497, 0.9829743438302305, -0.42119514279756887, -0.8473448429408548, -0.5703251728059835, -0.46945178294254464, 0.5689027050777544], 'fitness': (0.9501384735107422,), 'features': (2.6400197, 6.7217484)}]","[{'name': '1709090198877-208', 'genom': [0.9061262468383819, -0.3113856797709438, 0.29116321656310107, -0.14089073428705423, -0.14738553382904418, 0.5427762121659803, -0.9835441141836563, -0.8137205973650128, 0.09862442535587834, 0.33605717554556214, 0.850197310482314, 0.9194172363599931, 0.6966414945539756, 0.4425030914974428, 0.0026617634102292786, -0.08647268124762553, 0.35801514189379313, -0.2921325292447139, -0.35372313358224594, 0.1291756911719184, -0.270503295565381, 0.9023079513886205, -0.42119514279756887, -0.8172028121818944, -0.6065755044539409, -0.6911354852884857, 0.6225697045455914], 'fitness': (0.9768659406238132,), 'features': (2.7560563, 7.3340116)}]","[{'name': '1709098271369-1399', 'genom': [0.9448243681919601, 0.6331511673822683, -0.62174685971131, 0.5660002021949848, 0.8321903041258956, 0.24131694437131945, -0.25324345998362485, -0.27489855447141887, 0.6238726890001995, 0.45654603265731497, 0.07391735496979268, -0.1264369268170067, -0.8989074721203751, -0.3343433849414974, 0.21725901443732942, -0.7041290302173506, -0.046358847652146595, 0.38543593792782627, -0.7094804805971167, 0.16427769571372752, 0.5132460626546069, 0.47123650554390273, -0.21837860880685844, 0.6841471571996485, 0.0019692136659617, -0.04833718183765057, -0.4980200462079618], 'fitness': (0.9696897082858615,), 'features': (2.3469677, 8.951593)}]","[{'name': '1709089023701-35', 'genom': [0.8881725060833401, 0.985466684614474, 0.3887606026072299, -0.44021141280133635, -0.49424860541535987, 0.018745438496565514, 0.8820455004365482, 0.008150553216827783, -0.011057578388978362, 0.1391648936132437, -0.4405413618573515, -0.3410616265345445, -0.36634278858035585, -0.5081163185174191, 0.8808392117015056, 0.38577825158749257, -0.8248412936369198, 0.7524392062108469, 0.6462485604809425, -0.23993149510214273, -0.3152272505534519, -0.9074345448753385, 0.7054439766021021, 0.05779891584951424, -0.17399680726221933, 0.6225379307940464, 0.04891884504508237], 'fitness': (0.9834669245613946,), 'features': (2.1032562, 9.207131)}]"
13,"[{'name': '1709091858376-449', 'genom': [0.46659083472342844, 0.3278062589746229, 0.6922815676777523, -0.786078391750398, 0.01248473413691431, -0.33770275407795003, -0.39906647636398085, 0.2840013754393209, 0.18766667445790253, -0.9379018107396926, 0.8275987072503161, -0.8759156206783643, 0.20724454598971875, -0.9376293724064952, -0.7071844896741122, 0.7308045898837772, -0.2564592131255481, -0.36440819679905223, -0.7298867598588341, -0.34114645255463616, -0.9091806969713674, -0.09523430568802782, 0.553199656531175, 0.11547358860365953, 0.3617774928816082, 0.6066146929948337, -0.37588741367647693], 'fitness': (0.7731757481892904,), 'features': (3.0586786, -9.3157015)}]","[{'name': '1709091858376-449', 'genom': [0.49722073620188567, 0.2771982009517482, 0.6294358832620419, -0.8317267813272808, 0.12653459046566207, -0.2976766022882955, -0.2928449653641383, 0.3080139171489191, 0.3192369563889339, -0.8686551236781768, 0.8216661979131532, -0.6883206277331904, 0.1010662564180198, -0.9844682455775222, -0.6291412036392174, 0.632380792411573, -0.2578556434025796, -0.41339559246059476, -0.7193251435757841, 0.12468528452260985, -0.9121105538922423, -0.07984946626134692, 0.5156136909421312, 0.08699087674956885, 0.47925594022621376, 0.6066146929948337, -0.25433038838481203], 'fitness': (0.9074403868781196,), 'features': (3.575801, -8.851585)}]","[{'name': '1709098738925-1468', 'genom': [0.930903068000674, 0.17582603809117114, 0.4964391631489693, 0.5789797185153405, -0.35159943312263797, -0.9367561586606157, -0.47868823735344423, 0.839404618281105, 0.4240762774697644, 0.29584378514141374, 0.5731152574966634, -0.5383326321593498, -0.4617501011238472, -0.29723409017224567, 0.33791806186862816, -0.945427806117688, -0.5769959517981387, 0.38740710969137604, 0.748101771999296, 0.14967421668750203, 0.024719698562243764, -0.7117757520437622, 0.9822996900676344, -0.12432352882051068, 0.49348116163646716, 0.7421646300408238, 0.14056924103293866], 'fitness': (0.9902412255605062,), 'features': (3.3362732, -7.351865)}]","[{'name': '1709098738925-1468', 'genom': [0.6588359322540276, 0.21830826204454157, 0.4964391631489693, 0.5789797185153405, -0.35159943312263797, -0.9729320335310974, -0.47868823735344423, 0.839404618281105, 0.44451476200632656, 0.25983827937570236, 0.5731152574966634, -0.4416924447365447, -0.4617501011238472, -0.29723409017224567, 0.2615832124858446, -0.945427806117688, -0.5769959517981387, 0.38740710969137604, 0.748101771999296, 0.14967421668750203, 0.024719698562243764, -0.7117757520437622, 0.9822996900676344, -0.12432352882051068, 0.49348116163646716, 0.7421646300408238, 0.14056924103293866], 'fitness': (0.953840970993042,), 'features': (3.4875972, -6.9062014)}]","[{'name': '1709095345341-965', 'genom': [0.9638112198317221, 0.9882022835533599, 0.10509914066497505, 0.19935535104343782, -0.7444396185673279, 0.7131326552781727, -0.6772100752804486, 0.20811295624696546, -0.5621859721747153, 0.13628040715116851, -0.24799714008181106, 0.3126191912467713, -0.2536512297590907, 0.8420912734807846, 0.8135295333124415, -0.16832025543002582, -0.16152809336878748, 0.17507682063750263, 0.22617723749008367, -0.5935289523453915, -0.302902962224856, 0.01362979386932106, 0.9714657703141854, -0.14487637318287305, -0.3339219895280414, -0.21029894536054083, -0.5982570852165539], 'fitness': (0.9803500877486335,), 'features': (3.226249, -5.2739415)}]","[{'name': '1709093495745-691', 'genom': [-0.9708237343194008, 0.8189444538951964, 0.9561157434568517, -0.9818025970829074, -0.5615118449320924, -0.3388816386405351, 0.796391447739548, 0.3393131492228516, 0.6686493965322524, -0.06032483740497829, -0.9660606095000859, 0.5359138150435923, -0.5868168548107708, 0.8993286095377149, 0.630176913197116, -0.6219157478938913, 0.18814100274547152, 0.6249884136986803, 0.28196791682503797, 0.9942877570037052, 0.05974041097129201, 0.04982979835917134, -0.0794378461113463, -0.03004709185225707, 0.2664223628125293, -0.49297885338445346, -0.7383295558069591], 'fitness': (0.9986240201526217,), 'features': (3.7903867, -4.8761787)}]","[{'name': '1709096796619-1179', 'genom': [0.14638762183091236, -0.5803897758573067, 0.7765650934845358, 0.6047265000731397, -0.9903981584820791, -0.806359156324258, 0.8060615960939126, -0.23396430489355136, -0.4321553171670267, -0.46652839779169364, -0.2878478368151023, -0.1593239863866489, -0.8390702894468522, -0.8039235027911864, 0.350187139999109, -0.08625474800605915, 0.1250966166272558, 0.8494703969490027, 0.3105459477559016, -0.26832292847441486, 0.298790316037044, 0.6515662796142667, -0.322697640746219, 0.36302495556608627, -0.08168645939689778, 0.8802189104855689, -0.9610919898548989], 'fitness': (0.9718883858786689,), 'features': (3.1982696, -3.2353826)}]","[{'name': '1709119543348-4507', 'genom': [0.9400464426247925, 0.7553912402636145, 0.03420606924416503, -0.45171720796255355, -0.020620557336317624, -0.0968517592713618, 0.820074758815265, -0.367399153238803, -0.5846298714260159, 0.9839645568985511, -0.31610252425955365, 0.9788187983973697, 0.9559485388445141, -0.35368570092246565, 0.7166055347970568, 0.9613792066997002, -0.6648348094002536, 0.8044606270975854, -0.2537110664635809, -0.9479287733851209, 0.7399806640926596, 0.6885941488392435, 0.5072905670025534, 0.17439987354031627, 0.10777043905911787, 0.8154387930343574, 0.9570182965529543], 'fitness': (0.9995301352606879,), 'features': (3.8347917, -2.4776292)}]","[{'name': '1709096796619-1179', 'genom': [0.1270524003817164, -0.5767994043549636, 0.7765650934845358, 0.6047265000731397, -0.9308486591852798, -0.806359156324258, 0.7725601184137147, -0.23396430489355136, -0.48991691913140945, -0.443240680614561, -0.5433794432123598, -0.1593239863866489, -0.8390702894468522, -0.39685250572120356, 0.350187139999109, -0.08625474800605915, 0.1527823347938937, 0.8494703969490027, 0.32171838110742224, -0.5294655359486506, 0.10941400328595363, 0.6515662796142667, -0.322697640746219, 0.27148373415618887, -0.08168645939689778, 0.8802189104855689, -0.9610919898548989], 'fitness': (0.9985656562778685,), 'features': (3.6229877, -1.7031304)}]","[{'name': '1709089009652-33', 'genom': [-0.45921116278668506, 0.6561583027980731, -0.38880378274628047, 0.8024344967849406, 0.7814050454393955, 0.32613213735152446, -0.7086031201649483, 0.8800330467246062, -0.71645751935173, 0.8678701466758969, -0.19616063721169064, 0.6792924990949818, -0.5450668592409091, -0.1475977397471464, 0.8163304937041382, -0.6734478007437419, 0.18105704113030785, 0.1261085788297751, 0.08740630202550692, -0.14944359530955875, -0.4757048126393508, 0.9557482015189962, -0.6448382371893757, 0.16872296408201648, 0.38527086146386846, 0.15832921462806215, -0.07065110391206608], 'fitness': (0.9898135397169325,), 'features': (3.1424875, -0.2239136)}]","[{'name': '1709114839310-3821', 'genom': [-0.5885438037233743, 0.5570332049248099, -0.2107420447984163, -0.16178340585539064, 0.5067916699327946, -0.32782815042006974, 0.4024115024342265, -0.9991334341321161, 0.8791113380315454, -0.3414712499999142, 0.1478299126320204, 0.025666724222202397, -0.13750727436561894, 0.6314455282151998, -0.12861176259888185, 0.4926754414534329, -0.3054373118429028, 0.8371478637443104, -0.15518298117396911, -0.6845371541584109, -0.4297867127183217, -0.13493370287755835, 0.1415565509704393, 0.6131155765143603, 0.6321376649739239, -0.3605432060088509, -0.7915905483883696], 'fitness': (0.996250601278411,), 'features': (3.3228502, 0.74403995)}]","[{'name': '1709090630777-271', 'genom': [-0.7196685099633326, 0.5346909437408573, 0.12473377600785218, 0.5766646856816107, -0.05385244824832447, 0.24511739833682356, -0.6188302300185755, 0.9457906062947119, 0.08461060466253012, -0.21116466443002757, 0.6624846038589598, -0.38720931297553784, -0.7710720601336538, 0.8902915873843213, 0.0685559800391986, -0.14287096031210678, 0.8725775298393754, -0.11687472090741213, -0.7773386330195096, -0.37582296546301364, -0.30827372848170786, -0.9481239259532779, 0.9952307835826248, 0.1373757171528598, -0.5709597223714196, 0.5833301983500911, -0.03364178990465527], 'fitness': (0.9986447476678424,), 'features': (3.7417524, 1.9131517)}]","[{'name': '1709090630777-271', 'genom': [-0.7196685099633326, 0.5346909437408573, 0.12473377600785218, 0.5766646856816107, -0.05385244824832447, 0.2195057277952821, -0.6356788479344859, 0.9260615898348152, 0.08461060466253012, -0.21116466443002757, 0.6624846038589598, -0.38720931297553784, -0.7710720601336538, 0.8902915873843213, 0.09159226036369161, -0.19492236585949585, 0.8725775298393754, -0.3282545659873708, -0.8326743588679326, -0.3234947419612404, -0.28259746947137554, -0.9187679059973655, 0.9955484557377903, 0.20922462091826421, -0.5709597223714196, 0.5833301983500911, -0.03364178990465527], 'fitness': (0.9836086405648126,), 'features': (3.9975052, 2.4750388)}]","[{'name': '1709090198877-208', 'genom': [0.911064507206425, -0.3113856797709438, 0.29116321656310107, -0.08997335407182883, -0.14738553382904418, 0.9990751435313181, -0.9835441141836563, -0.7682193299677036, 0.09862442535587834, 0.28544154333170435, 0.7815768163998034, 0.9194172363599931, 0.6835182600615666, 0.3900540653732434, -0.02618604488164178, -0.018084254806673306, 0.35801514189379313, -0.2921325292447139, -0.3355964794935913, 0.024938775493893672, -0.2966606182212497, 0.9829743438302305, -0.6242491351956436, -0.3805224525013977, -0.5738423322155397, -0.46945178294254464, 0.3845378693638595], 'fitness': (0.9910244292683071,), 'features': (3.334047, 3.2059808)}]","[{'name': '1709089448428-98', 'genom': [0.158456315455076, 0.4162166633656794, 0.3298410980131743, 0.32325952191583585, -0.5299739051939181, 0.5705755425353991, -0.12874764269190275, 0.8100419808604291, -0.3666580298386539, 0.13054822436395197, -0.016468661437651244, -0.8225089420329628, 0.8787700737447981, 0.482875407406828, -0.16334107625864336, -0.18093438903296577, -0.23189291086688169, -0.1275366144741754, 0.750416484596502, -0.7438424790740206, 0.8211535190589125, 0.44112620113395096, -0.8005773604206683, -0.5331510500040393, 0.7490135459054637, 0.006933479611723525, -0.771075984129274], 'fitness': (0.9920617633395725,), 'features': (3.3119922, 4.5731783)}]","[{'name': '1709090198877-208', 'genom': [0.9675475104484308, -0.3565718268914726, 0.2545422992013937, -0.08997335407182883, -0.14738553382904418, 0.9229609109071875, -0.9835441141836563, -0.9594063367351962, 0.09862442535587834, 0.28544154333170435, 0.850197310482314, 0.9194172363599931, 0.6966414945539756, 0.4052592374591759, -0.02618604488164178, -0.0006362851696073424, 0.06658721498059861, -0.2921325292447139, -0.35372313358224594, 0.1335623511919537, -0.2966606182212497, 0.9829743438302305, -0.42119514279756887, -0.8172028121818944, -0.5703251728059835, -0.46945178294254464, 0.5689027050777544], 'fitness': (0.9569119877285428,), 'features': (3.2545502, 5.4227295)}]","[{'name': '1709090198877-208', 'genom': [0.9299469850312643, -0.3113856797709438, 0.29116321656310107, -0.08997335407182883, -0.14738553382904418, 0.9229609109071875, -0.9835441141836563, -0.9470477972458731, 0.09862442535587834, 0.21815281600780234, 0.850197310482314, 0.9194172363599931, 0.6966414945539756, 0.4052592374591759, -0.02618604488164178, -0.018084254806673306, 0.35801514189379313, -0.3483490632178037, -0.35372313358224594, 0.21801323230030123, -0.2966606182212497, 0.9966108221976677, -0.3449710211375405, -0.8172028121818944, -0.5703251728059835, -0.46945178294254464, 0.5689027050777544], 'fitness': (0.9899774485164219,), 'features': (3.0081697, 6.0655537)}]","[{'name': '1709089023701-35', 'genom': [0.9107107524992917, 0.9796625130566383, 0.3113365078808621, -0.44021141280133635, -0.6093804158199192, 0.076455659663766, 0.8820455004365482, 0.025794371104482572, -0.011057578388978362, 0.17654152512936472, -0.5316201476104316, -0.3410616265345445, -0.36634278858035585, -0.5081163185174191, 0.9302835732963814, 0.38577825158749257, -0.8248412936369198, 0.7524392062108469, 0.6462485604809425, -0.23993149510214273, -0.43471842908721037, -0.9074345448753385, 0.7054439766021021, 0.0970843472894638, -0.19118306188778167, 0.6225379307940464, -0.10926720503808895], 'fitness': (0.914405722088284,), 'features': (3.2604005, 7.6457834)}]","[{'name': '1709089023701-35', 'genom': [0.997320728346081, 0.9682468329786487, 0.4149140147931938, -0.46411215015506113, -0.3531889544325022, 0.076455659663766, 0.7813743111158946, 0.025794371104482572, -0.05138566738414774, 0.17654152512936472, -0.5316201476104316, -0.22211209221410533, -0.36634278858035585, -0.48075194745725525, 0.9876105018225747, 0.38577825158749257, -0.7535526037227778, 0.7108991560779148, 0.6866851298032026, -0.18893459769305854, -0.1609273654841159, -0.9074345448753385, 0.7054439766021021, 0.1658459505291041, -0.19118306188778167, 0.6404708489090691, -0.08760642675538732], 'fitness': (0.8491583612230089,), 'features': (3.8397863, 8.853914)}]","[{'name': '1709089023701-35', 'genom': [0.9439909011636534, 0.9881157116394628, 0.28534353709749993, -0.44021141280133635, -0.4963498581767176, 0.03929110472150632, 0.8820455004365482, -0.00037281547496581524, 0.009490516151670292, 0.19179633941494378, -0.5316201476104316, -0.3410616265345445, -0.36634278858035585, -0.5128108712186812, 0.9734443200901295, 0.38577825158749257, -0.9535865372420933, 0.7219204141292799, 0.5076653351475366, 0.0010208244057654525, -0.22380898919506453, -0.9542388487165461, 0.7208343784906015, 0.1746986559903101, -0.19118306188778167, 0.5703682427573344, 0.12455110250153512], 'fitness': (0.9720436096191406,), 'features': (3.5879548, 9.136857)}]"
14,"[{'name': '1709091858376-449', 'genom': [0.46659083472342844, 0.3278062589746229, 0.6922815676777523, -0.8167023259888315, 0.01248473413691431, -0.2767835639999807, -0.3380231230842876, 0.2840013754393209, 0.1827498212614771, -0.9379018107396926, 0.8275987072503161, -0.8759156206783643, 0.20724454598971875, -0.9376293724064952, -0.7071844896741122, 0.7308045898837772, -0.2564592131255481, -0.36440819679905223, -0.7298867598588341, -0.34114645255463616, -0.9091806969713674, -0.09523430568802782, 0.553199656531175, 0.11547358860365953, 0.3617774928816082, 0.6494458163427592, -0.37588741367647693], 'fitness': (0.8904541969299317,), 'features': (4.409063, -9.120258)}]","[{'name': '1709091858376-449', 'genom': [0.4780469127385101, 0.2771982009517482, 0.6294358832620419, -0.786078391750398, 0.12653459046566207, -0.2976766022882955, -0.2928449653641383, 0.2737057884287357, 0.21485776086138464, -0.8816477951008976, 0.8343197610431159, -0.9157635058423257, 0.1010662564180198, -0.9747666871860687, -0.6526476127106977, 0.632380792411573, -0.2578556434025796, -0.41339559246059476, -0.7193251435757841, 0.15150394084387409, -0.9091806969713674, -0.20098847590884272, 0.553199656531175, 0.08699087674956885, 0.47925594022621376, 0.5286795440633962, -0.25433038838481203], 'fitness': (0.9990642865498861,), 'features': (4.1460114, -8.604209)}]","[{'name': '1709098738925-1468', 'genom': [0.9328444356472256, 0.29308237312649976, 0.4964391631489693, 0.615433500534208, -0.35159943312263797, -0.9367561586606157, -0.47868823735344423, 0.8523945934886086, 0.44451476200632656, 0.051671653704058906, 0.4409835692814992, -0.4416924447365447, -0.3587965239714477, -0.29723409017224567, 0.3695703788485436, -0.945427806117688, -0.5769959517981387, 0.38740710969137604, 0.748101771999296, 0.10400755670459239, 0.024719698562243764, -0.7117757520437622, 0.9942598080735623, -0.12432352882051068, 0.679960407088319, 0.7421646300408238, 0.06983610841594157], 'fitness': (0.9472488297356499,), 'features': (4.675783, -7.8693137)}]","[{'name': '1709091858376-449', 'genom': [0.49722073620188567, 0.32302765032869574, 0.6294358832620419, -0.8317267813272808, 0.12653459046566207, -0.2976766022882955, -0.2928449653641383, 0.20238469265485381, 0.3192369563889339, -0.8686551236781768, 0.8216661979131532, -0.6883206277331904, 0.1010662564180198, -0.9844682455775222, -0.6291412036392174, 0.632380792411573, -0.2578556434025796, -0.41339559246059476, -0.7193251435757841, 0.12468528452260985, -0.9121105538922423, -0.07984946626134692, 0.5156136909421312, 0.08699087674956885, 0.47925594022621376, 0.6066146929948337, -0.25433038838481203], 'fitness': (0.979192915227678,), 'features': (4.152961, -6.0772233)}]","[{'name': '1709091858376-449', 'genom': [0.46659083472342844, 0.2826280486571291, 0.670491035218447, -0.786078391750398, 0.06647603978890437, -0.29651575835838107, -0.39906647636398085, 0.4386648121384875, 0.18766667445790253, -0.9379018107396926, 0.8275987072503161, -0.9408962643168481, 0.21120992463320354, -0.9376293724064952, -0.7071844896741122, 0.7308045898837772, -0.2564592131255481, -0.36440819679905223, -0.7298867598588341, -0.34114645255463616, -0.9091806969713674, -0.09523430568802782, 0.4027609006300521, 0.11547358860365953, 0.3617774928816082, 0.7431343733918787, -0.37588741367647693], 'fitness': (0.9935402750968934,), 'features': (4.5181527, -5.8943486)}]","[{'name': '1709134973518-6798', 'genom': [-0.26786106000985366, 0.4411243584730553, 0.8154164979746936, -0.34750841829160195, -0.16330292695238158, 0.442021086947717, -0.6440596128825493, 0.18443944073111673, 0.04879759281094964, 0.9837068790973578, 0.46087897182223436, 0.6596198034206757, 0.9954376853910756, -0.9884950355292448, -0.005845642588261368, -0.8617095456532227, 0.27682138591726946, 0.8086775662231798, -0.564575960260145, -0.7388809108767926, 0.5675617100513484, 0.018706708576759823, 0.04672655296155703, 0.5530583088438732, 0.8621354086710304, -0.9022626618730754, -0.10446653172005571], 'fitness': (0.9188242647382948,), 'features': (4.6179605, -4.779185)}]","[{'name': '1709102719938-2053', 'genom': [-0.40555450737915044, -0.01087020169008146, 0.6920483999085507, -0.16987569321892337, -0.28747298677156685, -0.6664873253223627, 0.7546169599527512, 0.004943916193414388, 0.6153951291362538, -0.6301203863105302, -0.3519196080066742, 0.970658447320613, -0.43495156680877156, -0.6719149651142173, 0.39395411182201334, -0.08729038791331001, 0.48422674501055885, -0.6858474603445952, -0.7667914425252216, 0.5546148776225996, 0.44001131731150656, 0.13490086060588968, 0.02130182197420938, 0.46086123431001225, 0.0771918119356716, 0.6465885021868203, 0.5605950238057631], 'fitness': (0.9779234992133247,), 'features': (4.3811116, -3.251075)}]","[{'name': '1709091211487-356', 'genom': [0.7028028698303117, -0.4004122952783882, 0.5209181952437716, -0.17226097224102688, -0.034175314222467446, 0.5940148445664342, -0.23373363901252753, -0.36743557654450587, -0.5173371592584155, 0.3747336317528098, 0.8648203897218314, -0.12614576977341052, 0.39375435618291643, -0.03170785502792439, 0.18621550922039853, 0.48901197965581744, -0.042423568909808695, 0.03794004050412947, 0.9685317334394599, 0.05886631014638599, -0.029443791155524535, 0.7281200159121508, -0.5102187486952348, 0.47648166780442347, -0.9573295681049339, 0.6483775930864175, -0.26838833337461776], 'fitness': (0.9758983188205295,), 'features': (4.234065, -2.969543)}]","[{'name': '1709089009652-33', 'genom': [-0.4844731154874742, 0.6561583027980731, -0.3361467813403958, 0.8678992472343519, 0.7814050454393955, 0.32613213735152446, -0.7086031201649483, 0.7364145829497484, -0.71645751935173, 0.9783926648363634, -0.1980206420229571, 0.5729696473310641, -0.5353678628123226, -0.43920477949196157, 0.8163304937041382, -0.6734478007437419, 0.18105704113030785, 0.1261085788297751, 0.08740630202550692, 0.13665886683493222, -0.03403780802882195, 0.893606769764083, -0.6276932548411185, 0.14955241144519915, 0.3498931119526312, 0.07825197944315554, 0.05199003990558926], 'fitness': (0.996370483107037,), 'features': (4.9621987, -1.185058)}]","[{'name': '1709089009652-33', 'genom': [-0.4229163797381097, 0.6561583027980731, -0.38880378274628047, 0.8024344967849406, 0.7814050454393955, 0.32613213735152446, -0.7086031201649483, 0.805407467525959, -0.71645751935173, 0.9783926648363634, -0.1980206420229571, 0.5729696473310641, -0.6065288110690303, -0.1475977397471464, 0.8163304937041382, -0.6734478007437419, 0.18105704113030785, 0.1261085788297751, 0.08740630202550692, -0.14944359530955875, -0.03403780802882195, 0.893606769764083, -0.6448382371893757, 0.14955241144519915, 0.38527086146386846, 0.15832921462806215, -0.07065110391206608], 'fitness': (0.9681450287501017,), 'features': (4.9951215, -0.26497954)}]","[{'name': '1709089568619-116', 'genom': [0.29533791874923, -0.9929980512609919, 0.8228592803619086, -0.007610116750545126, 0.5460395839019396, 0.6308518520436361, 0.01784935807471988, 0.3924141039281228, -0.9019377436690377, -0.6939788962882836, -0.09892460013255744, 0.35097379946435936, 0.13338653957690738, -0.721806803088199, -0.33696817620765995, -0.8339093693767796, -0.7685417444826876, 0.643136460627481, 0.5246206168672787, -0.13951349015397496, -0.29596843768891823, 0.6748704244214243, -0.3606403795931823, 0.576725991136958, -0.2773332847717167, 0.18834160161071045, -0.10107029905168119], 'fitness': (0.9938913888401455,), 'features': (4.2087936, 0.1409709)}]","[{'name': '1709121353733-4774', 'genom': [0.4629479861395773, 0.3040377934748393, 0.5690569601413407, -0.9081925784151947, 0.7048592740646813, -0.8515709906967159, 0.42486159171381055, 0.7333088078570544, 0.5151225577184007, 0.12007551848369324, -0.502074136504703, -0.08169073867726895, 0.8182832267147508, 0.09514176455466417, -0.1330029920098441, -0.12808529284632098, -0.2414432168488938, 0.9152993687958384, 0.3045182589553308, -0.3496667804401521, -0.8360589014760991, -0.6701937073373769, 0.3623177568208942, -0.8709482905633972, 0.13590649247401965, -0.6018547159400311, -0.3039933768340699], 'fitness': (0.9933535979853736,), 'features': (4.5976396, 1.0849137)}]","[{'name': '1709090198877-208', 'genom': [0.9061262468383819, -0.3113856797709438, 0.29116321656310107, -0.08997335407182883, -0.14738553382904418, 0.9990751435313181, -0.9835441141836563, -0.9037593062638187, 0.09862442535587834, 0.28544154333170435, 0.7815768163998034, 0.9194172363599931, 0.6835182600615666, 0.4052592374591759, -0.02618604488164178, -0.018084254806673306, 0.35801514189379313, -0.2921325292447139, -0.35372313358224594, 0.1335623511919537, -0.2966606182212497, 0.9829743438302305, -0.42119514279756887, -0.8172028121818944, -0.5703251728059835, -0.46945178294254464, 0.3845378693638595], 'fitness': (0.9963990529378255,), 'features': (4.5403576, 2.4520643)}]","[{'name': '1709090198877-208', 'genom': [0.9061262468383819, -0.5274223202003065, 0.29116321656310107, -0.08997335407182883, -0.14738553382904418, 0.9996582479700169, -0.7552213268912218, -0.9037593062638187, 0.09862442535587834, 0.28544154333170435, 0.7815768163998034, 0.8235835984638957, 0.7209714788246004, 0.4052592374591759, 9.136047892521759e-05, -0.018084254806673306, 0.4771930347405058, -0.21721042082728137, -0.35372313358224594, 0.1335623511919537, -0.2966606182212497, 0.9829743438302305, -0.42119514279756887, -0.8172028121818944, -0.5703251728059835, -0.6129383900030807, 0.3845378693638595], 'fitness': (0.9355311605665418,), 'features': (4.45353, 3.701792)}]","[{'name': '1709089448428-98', 'genom': [0.06469788518016428, 0.3647425838263536, 0.13183105283545515, 0.33356509013743163, -0.49476790074822485, 0.5116440769168014, -0.12874764269190275, 0.835740458669165, -0.3666580298386539, 0.13054822436395197, -0.016468661437651244, -0.89526616655439, 0.8550228704017933, 0.4287598341286696, -0.2528164667529811, -0.18093438903296577, -0.1217469997121079, -0.34849798053463754, 0.8260519082767841, -0.5394550934520186, 0.9189006947944691, 0.44112620113395096, -0.6908861562997823, -0.5331510500040393, 0.7490135459054637, 0.006933479611723525, -0.742499699375448], 'fitness': (0.9726465278201633,), 'features': (4.7453814, 4.051501)}]","[{'name': '1709089448428-98', 'genom': [0.06469788518016428, 0.2774922967999791, 0.3298410980131743, 0.6281264394711337, -0.5299739051939181, 0.5705755425353991, -0.12874764269190275, 0.835740458669165, -0.3666580298386539, 0.13054822436395197, -0.016468661437651244, -0.89526616655439, 0.8550228704017933, 0.482875407406828, -0.16334107625864336, -0.18093438903296577, -0.2811521300563704, -0.30409954714978626, 0.8260519082767841, -0.43396051035129246, 0.94035223662649, 0.3768655763048121, -0.6908861562997823, -0.5331510500040393, 0.7471284630041175, -0.3343225034957882, -0.6826401799922179], 'fitness': (0.9713245550791423,), 'features': (4.0598664, 5.9352293)}]","[{'name': '1709155788261-9935', 'genom': [0.7192696694337446, 0.4790146715433725, 0.22851065208894394, 0.5724105891467834, 0.5164018111201469, 0.766278573773332, 0.07922723573047197, 0.1444057026838519, -0.24688274169468705, 0.8058661521418806, -0.5304165057484358, 0.10983249865877664, -0.5486135643430496, -0.2896506098769285, -0.06933985440778145, -0.8110725050345704, -0.11988815779387729, -0.30510921926881207, -0.5103533420473036, -0.3904015403632082, 0.7936980307202215, -0.8674932745318169, -0.9691206206997365, 0.37663809347525845, 0.6767937326042133, -0.5205408220601855, -0.24070275582389744], 'fitness': (0.9354880491892497,), 'features': (4.015283, 6.2332916)}]","[{'name': '1709089023701-35', 'genom': [0.8959715539523021, 0.9607631143289153, 0.4149140147931938, -0.42226044049806566, -0.5668449778143765, 0.16013167830402097, 0.7357334970971061, 0.025794371104482572, -0.011057578388978362, 0.17886809109181478, -0.40900196365288966, -0.3410616265345445, -0.5261626243110071, -0.6366909330466068, 0.9903991777021772, 0.38577825158749257, -0.8248412936369198, 0.629993362412504, 0.7093066133710031, -0.23993149510214273, -0.36990176959888665, -0.9074345448753385, 0.600607657977841, 0.1746986559903101, -0.19118306188778167, 0.6225379307940464, -0.08002282486618029], 'fitness': (0.9589839193556043,), 'features': (4.278268, 7.154503)}]","[{'name': '1709098271369-1399', 'genom': [0.9448243681919601, 0.6936734161198821, -0.6592294762600317, 0.5235559863086066, 0.8321903041258956, 0.24131694437131945, -0.16653711250395675, -0.4830261633235202, 0.6238726890001995, 0.45654603265731497, 0.07391735496979268, -0.1264369268170067, -0.953684252507113, -0.3343433849414974, 0.21725901443732942, -0.7041290302173506, -0.046358847652146595, 0.38543593792782627, -0.7094804805971167, 0.16427769571372752, 0.5132460626546069, 0.47123650554390273, -0.21837860880685844, 0.6841471571996485, 0.0019692136659617, -0.04833718183765057, -0.4980200462079618], 'fitness': (0.8799776819017199,), 'features': (4.404727, 8.942983)}]","[{'name': '1709089023701-35', 'genom': [0.9439909011636534, 0.9881157116394628, 0.4149140147931938, -0.44021141280133635, -0.3936045655249931, 0.03929110472150632, 0.8820455004365482, 0.025794371104482572, 0.08303159324605125, 0.19179633941494378, -0.5809349049890475, -0.3410616265345445, -0.36634278858035585, -0.5081163185174191, 0.9734443200901295, 0.38577825158749257, -0.9535865372420933, 0.7462167868086902, 0.5076653351475366, 0.0010208244057654525, -0.35605616266263596, -0.9074345448753385, 0.7208343784906015, 0.1746986559903101, -0.19118306188778167, 0.5703682427573344, 0.12455110250153512], 'fitness': (0.7931652069091797,), 'features': (4.3783684, 9.097603)}]"
15,"[{'name': '1709107299376-2716', 'genom': [0.6746948299470161, 0.8785413741505093, -0.7572717601519339, -0.6030023879745603, -0.7947421787136646, 0.17701468497570838, -0.49652242450907313, 0.992135715965645, -0.6480566538545547, 0.6053450080706835, 0.8549625130381666, 0.6504649563029785, 0.9138366347445372, -0.20155089259294812, -0.18602329478734858, -0.8432957876024421, -0.7018720340451587, 0.8134565125137092, -0.07351929789327993, -0.8748792973776067, 0.5959322859034664, -0.6210477602286713, 0.694984345320337, -0.012321071708076836, -0.3523727488145798, -0.7307533313106898, 0.060366922201986695], 'fitness': (0.5210709042019315,), 'features': (5.048814, -9.32638)}]","[{'name': '1709091858376-449', 'genom': [0.37002883999852476, 0.27723445103925126, 0.670491035218447, -0.7113753637127946, 0.12653459046566207, -0.2976766022882955, -0.2874836496468183, 0.2975048112513978, 0.21485776086138464, -0.8816477951008976, 0.8930493091927982, -0.9322187925698111, 0.1010662564180198, -0.9376293724064952, -0.6526476127106977, 0.592571432721094, -0.2578556434025796, -0.2951604119869007, -0.7193251435757841, 0.13195681318934627, -0.9091806969713674, -0.20098847590884272, 0.553199656531175, 0.14953646671341803, 0.428764262215348, 0.6066146929948337, -0.25433038838481203], 'fitness': (0.787972280714247,), 'features': (5.7603545, -8.4186945)}]","[{'name': '1709098738925-1468', 'genom': [0.9582328099136179, -0.016785776707076705, 0.6655350261427031, 0.5789797185153405, -0.26396121688718366, -0.963920972731372, -0.47868823735344423, 0.9358559031266331, 0.44451476200632656, 0.28847209833356713, 0.5762309475176166, -0.4416924447365447, -0.4617501011238472, -0.5062003532568893, 0.28745360856014357, -0.9646451831250658, -0.5074856688386653, 0.31156821335112994, 0.7591396789146849, 0.26523413286176156, -0.08378875453546986, -0.8201471558307003, 0.9192444188445517, -0.04805783207677927, 0.3423062146545084, 0.778885915105781, 0.05987750232694378], 'fitness': (0.6279339684380425,), 'features': (5.378608, -7.9533505)}]","[{'name': '1709091858376-449', 'genom': [0.46659083472342844, 0.2826280486571291, 0.670491035218447, -0.786078391750398, 0.06647603978890437, -0.29651575835838107, -0.3711467713851837, 0.2840013754393209, 0.18766667445790253, -0.9379018107396926, 0.8275987072503161, -0.9165916201209496, 0.1010662564180198, -0.9376293724064952, -0.7110806282573481, 0.6505003858829859, -0.2564592131255481, -0.36440819679905223, -0.7298867598588341, -0.024418531071852323, -0.9091806969713674, -0.18785904321367708, 0.553199656531175, 0.11547358860365953, 0.3617774928816082, 0.6066146929948337, -0.38505917896022623], 'fitness': (0.930693350897895,), 'features': (5.589523, -6.3692284)}]","[{'name': '1709091858376-449', 'genom': [0.45468061896172185, 0.2826280486571291, 0.7391861296259699, -0.786078391750398, 0.06647603978890437, -0.29651575835838107, -0.2154258562824165, 0.07248951316223073, 0.18766667445790253, -0.9379018107396926, 0.8275987072503161, -0.9165916201209496, 0.21120992463320354, -0.9376293724064952, -0.7071844896741122, 0.7308045898837772, -0.2564592131255481, -0.36440819679905223, -0.7298867598588341, -0.2909064601514826, -0.9091806969713674, 0.2811700522527081, 0.553199656531175, 0.11547358860365953, 0.3617774928816082, 0.5921666650224302, -0.37588741367647693], 'fitness': (0.9881297747294108,), 'features': (5.7901907, -5.2677026)}]","[{'name': '1709109084196-2979', 'genom': [0.9842133877767663, 0.07989946699976191, 0.20575205821550835, -0.31380509316759886, 0.8760201464662438, 0.1459072044414238, 0.4922416964093794, 0.76296729148313, 0.666899676450446, -0.2749362078730295, -0.5560711352625749, -0.9773761874974518, 0.1772533878409328, -0.24182892194109606, 0.2835276988217188, 0.9647775231469709, -0.9410554319747539, -0.5040607002919166, 0.5567697897293571, 0.6193688652978595, 0.6939038797081121, -0.7244780368080688, 0.15721370128808476, 0.45475193920116075, 0.8958514077914848, -0.5562611121691123, -0.7594333281531187], 'fitness': (0.9417387538486057,), 'features': (5.282442, -4.0976243)}]","[{'name': '1709091211487-356', 'genom': [0.7028028698303117, -0.4004122952783882, 0.5209181952437716, -0.25142461779955116, -0.034175314222467446, 0.5940148445664342, -0.23373363901252753, -0.36743557654450587, -0.5173371592584155, 0.3747336317528098, 0.8648203897218314, -0.1994828084005036, 0.39375435618291643, -0.03170785502792439, 0.18621550922039853, 0.48901197965581744, -0.042423568909808695, 0.03794004050412947, 0.9685317334394599, 0.05886631014638599, -0.029443791155524535, 0.7281200159121508, -0.5102187486952348, 0.47648166780442347, -0.9573295681049339, 0.6483775930864175, -0.26838833337461776], 'fitness': (0.9235111395517985,), 'features': (5.334209, -3.2441924)}]","[{'name': '1709100169093-1678', 'genom': [0.12991842174244028, 0.39509500425050237, -0.8629801515847371, -0.9513405266783608, 0.520084500902567, -0.7135564956496401, 0.3250737913152557, -0.9883635736290235, -0.623372411031865, 0.5859433245091754, -0.48670372554224794, 0.19900517475922852, 0.26397042590369346, -0.43705427753806747, 0.0520715638425604, -0.18533901971611932, -0.21716205330687433, -0.820554017513609, 0.28376816475610345, 0.9441067596658241, -0.29891675193553957, -0.031978833350805536, 0.8368201282234298, -0.8111674647099196, -0.19773986541389799, -0.9207576762959848, 0.8450179525802433], 'fitness': (0.9935428725348578,), 'features': (5.7533855, -2.1056676)}]","[{'name': '1709089568619-116', 'genom': [0.28779330524779634, -0.9929980512609919, 0.8228592803619086, -0.007610116750545126, 0.5460395839019396, 0.6308518520436361, 0.01784935807471988, 0.3924141039281228, -0.9019377436690377, -0.6939788962882836, -0.08809249120857943, 0.13012257349755751, 0.13338653957690738, -0.7522991733797157, -0.33696817620765995, -0.8339093693767796, -0.7685417444826876, 0.643136460627481, 0.45810658914247626, -0.14499915473752334, -0.29596843768891823, 0.6748704244214243, -0.3606403795931823, 0.576725991136958, -0.2773332847717167, 0.18834160161071045, -0.018929749823104913], 'fitness': (0.9990577957696385,), 'features': (5.173702, -1.280603)}]","[{'name': '1709089009652-33', 'genom': [-0.4844731154874742, 0.6561583027980731, -0.3361467813403958, 0.8709428887291104, 0.7017681992164246, 0.30486092093235206, -0.7086031201649483, 0.7364145829497484, -0.8179097677267613, 0.9783926648363634, -0.1980206420229571, 0.5729696473310641, -0.5353678628123226, -0.43920477949196157, 0.8163304937041382, -0.6734478007437419, 0.18105704113030785, 0.1261085788297751, 0.08740630202550692, -0.03107362279319137, -0.03403780802882195, 0.8665317447649705, -0.6276932548411185, 0.1923952885097675, 0.3149564068618509, 0.07825197944315554, 0.05199003990558926], 'fitness': (0.9981864662634001,), 'features': (5.770328, -0.66148335)}]","[{'name': '1709089009652-33', 'genom': [-0.4229163797381097, 0.6561583027980731, -0.38880378274628047, 0.8024344967849406, 0.7814050454393955, 0.32613213735152446, -0.7086031201649483, 0.805407467525959, -0.71645751935173, 0.9083057541267576, -0.1980206420229571, 0.5729696473310641, -0.6746824711144137, -0.1475977397471464, 0.8163304937041382, -0.6734478007437419, 0.0808560345446998, 0.1261085788297751, 0.08740630202550692, -0.1310798541222311, -0.03403780802882195, 0.893606769764083, -0.6448382371893757, 0.14955241144519915, 0.38527086146386846, 0.15832921462806215, -0.07065110391206608], 'fitness': (0.9602394236458672,), 'features': (5.5122886, 0.044492584)}]","[{'name': '1709088905787-17', 'genom': [0.1507788840751818, -0.6050046263804683, 0.557152546640675, -0.3756280858800509, 0.9147308567751797, -0.6921757630385199, -0.38506735661278446, -0.3495526899184205, 0.8461413679781811, 0.4226628206550176, -0.9301898438829219, -0.801135241624346, 0.3129653257887848, 0.4892264523262919, 0.7727013132844656, 0.6120534674147726, 0.5016971374365413, 0.3014996106081336, -0.024162964674627085, -0.7378765419638014, -0.20538147988124522, -0.1885069303590794, 0.6651616497241875, 0.9375845076850535, -0.6969744160366611, -0.25295827251274616, 0.5767195753225776], 'fitness': (0.9967428578270806,), 'features': (5.7927136, 1.658577)}]","[{'name': '1709089667765-131', 'genom': [0.9088869504483588, -0.16842193005827255, -0.6685715808120816, 0.4369645598741456, 0.6328709131325805, -0.3856350277255869, 0.1083957076916604, -0.058103617827958365, 0.9233855901552805, -0.5234401515432943, 0.27815916376295036, 0.7395179513539942, 0.7479055452281931, -0.19150394683139926, -0.013048776080963886, -0.7508427391995804, -0.1024027617578176, -0.4148367745943289, -0.6619387712651377, -0.5897493646691385, -0.7036973701824987, 0.756599925559565, 0.2582605299631653, -0.8347720572609163, -0.8606293432489613, -0.294425267278859, 0.9997580806922006], 'fitness': (0.9424011866251627,), 'features': (5.136567, 2.834062)}]","[{'name': '1709089667765-131', 'genom': [0.9088869504483588, -0.0777317852623205, -0.6685715808120816, 0.4369645598741456, 0.6328709131325805, -0.3856350277255869, 0.1083957076916604, -0.058103617827958365, 0.9233855901552805, -0.5234401515432943, 0.2949122525487746, 0.7395179513539942, 0.7479055452281931, -0.19150394683139926, 0.07476096882172767, -0.7508427391995804, -0.1024027617578176, -0.4148367745943289, -0.6619387712651377, -0.5897493646691385, -0.7270390272192822, 0.756599925559565, 0.2582605299631653, -0.9261736196704506, -0.8606293432489613, -0.294425267278859, 0.7852766508344153], 'fitness': (0.9752183278401693,), 'features': (5.25953, 3.5704362)}]","[{'name': '1709089448428-98', 'genom': [0.158456315455076, 0.37715178220741863, 0.3298410980131743, 0.32325952191583585, -0.5983860932002676, 0.5228239301637849, 0.020713802006026016, 0.8100419808604291, -0.3666580298386539, 0.13054822436395197, 0.04224129831550294, -0.7962006970281044, 0.8787700737447981, 0.482875407406828, -0.16334107625864336, -0.18093438903296577, -0.23189291086688169, -0.1275366144741754, 0.3337054110044413, -0.7438424790740206, 0.8211535190589125, 0.44112620113395096, -0.8005773604206683, -0.5331510500040393, 0.7490135459054637, 0.006933479611723525, -0.771075984129274], 'fitness': (0.9954315397474501,), 'features': (5.4814763, 4.784624)}]","[{'name': '1709089448428-98', 'genom': [0.06469788518016428, 0.2774922967999791, 0.3298410980131743, 0.6259089837497234, -0.5299739051939181, 0.5705755425353991, -0.12874764269190275, 0.835740458669165, -0.3666580298386539, 0.13054822436395197, -0.016468661437651244, -0.89526616655439, 0.8550228704017933, 0.482875407406828, -0.16334107625864336, -0.18093438903296577, -0.2811521300563704, -0.30409954714978626, 0.8260519082767841, -0.43396051035129246, 0.94035223662649, 0.3768655763048121, -0.6908861562997823, -0.5331510500040393, 0.7471284630041175, -0.09426332152116368, -0.6826401799922179], 'fitness': (0.9518783145480686,), 'features': (5.035424, 5.0890326)}]","[{'name': '1709122995464-5020', 'genom': [-0.07882535960059456, -0.06132890173504779, 0.9791753962661613, -0.23075496417233388, -0.744134560498209, -0.8431423337823105, 0.2288191285982586, 0.3623983068358003, 0.5421775138450653, 0.12725388608232802, -0.7049117003472087, 0.4541848903496486, -0.8109797375233041, -0.06369015023302582, 0.3834543478310233, 0.8144448689931529, 0.41851883861647554, -0.07592268266574687, 0.35336332209381616, -0.26431199957543217, -0.7187558961056322, 0.06360939390397191, -0.5997568280083994, 0.9745983982030684, 0.606751483289995, -0.6626847049534093, 0.5904553077119463], 'fitness': (0.8279411951700846,), 'features': (5.0500116, 6.955845)}]","[{'name': '1709098271369-1399', 'genom': [0.9448243681919601, 0.8031442163068012, -0.6592294762600317, 0.5181667016805647, 0.8321903041258956, 0.21382516590786582, -0.13529504820012161, -0.49122395750197745, 0.6238726890001995, 0.38288819299848464, 0.07391735496979268, -0.20889908339857555, -0.8435197637437521, -0.18685113167049394, 0.2072107869716069, -0.7041290302173506, -0.13773298132904266, 0.4148118104052745, -0.719012998935133, 0.16427769571372752, 0.6344817791396977, 0.5251417496712025, -0.0662312101882514, 0.6419592823066529, 0.0019692136659617, -0.0232052298140224, -0.4980200462079618], 'fitness': (0.6473621580335829,), 'features': (5.841547, 7.334438)}]","[{'name': '1709089023701-35', 'genom': [0.9107107524992917, 0.9796625130566383, 0.3113365078808621, -0.44021141280133635, -0.7349091507580332, 0.076455659663766, 0.8820455004365482, 0.025794371104482572, -0.04850399665353522, 0.17654152512936472, -0.5316201476104316, -0.3410616265345445, -0.36634278858035585, -0.5081163185174191, 0.9302835732963814, 0.38577825158749257, -0.8248412936369198, 0.7524392062108469, 0.6462485604809425, -0.17152662800661922, -0.43471842908721037, -0.9074345448753385, 0.7343698032290655, 0.0970843472894638, -0.19118306188778167, 0.6225379307940464, -0.10926720503808895], 'fitness': (0.798406982421875,), 'features': (5.945352, 8.391947)}]","[{'name': '1709098271369-1399', 'genom': [0.9616646225002743, 0.7026008646823287, -0.46010530174183883, 0.5181667016805647, 0.8321903041258956, 0.11729416453266084, -0.13529504820012161, -0.49122395750197745, 0.6238726890001995, 0.38288819299848464, 0.12835173584496662, -0.07512963100407233, -0.9686990334301471, -0.24571156360376678, -0.05691655997279588, -0.7041290302173506, -0.09062517966636352, 0.4148118104052745, -0.7615549748997361, 0.16427769571372752, 0.6344817791396977, 0.5442245867192748, -0.06525995838229082, 0.7074404097182703, 0.08070852739608858, 0.27627094980201794, -0.3927526419398075], 'fitness': (0.5782853868272569,), 'features': (5.163738, 9.043151)}]"
16,[],[],"[{'name': '1709098738925-1468', 'genom': [0.9582328099136179, 0.033292979537591805, 0.6194673261421972, 0.5789797185153405, -0.26396121688718366, -0.9703061314230115, -0.47868823735344423, 0.9161545480121871, 0.44451476200632656, 0.25983827937570236, 0.5641219575755227, -0.4158374467427568, -0.4617501011238472, -0.46910414351468255, 0.28745360856014357, -0.945427806117688, -0.5074856688386653, 0.38740710969137604, 0.7591396789146849, 0.17041987605544295, 0.024719698562243764, -0.7566139340548776, 0.9822996900676344, -0.04805783207677927, 0.4585605097218961, 0.7421646300408238, 0.07006752620892187], 'fitness': (0.858777289920383,), 'features': (6.6630325, -7.246288)}]","[{'name': '1709098738925-1468', 'genom': [0.9582328099136179, 0.033292979537591805, 0.6655350261427031, 0.5789797185153405, -0.26396121688718366, -0.963920972731372, -0.47868823735344423, 0.9161545480121871, 0.44451476200632656, 0.25983827937570236, 0.47958753081740846, -0.4416924447365447, -0.4617501011238472, -0.46910414351468255, 0.28745360856014357, -0.945427806117688, -0.5074856688386653, 0.38740710969137604, 0.7591396789146849, 0.17041987605544295, 0.024719698562243764, -0.7117757520437622, 0.9822996900676344, -0.04805783207677927, 0.4585605097218961, 0.7421646300408238, 0.05987750232694378], 'fitness': (0.9784038636419509,), 'features': (6.6946764, -6.8846893)}]","[{'name': '1709153694415-9577', 'genom': [-0.2924248010604802, 0.7597338577999482, -0.07071487143366251, -0.41822695779691577, 0.885573199767739, 0.4722307124486924, 0.9701417708751108, 0.18585942673139844, -0.37408918687122883, 0.5924600762126495, -0.5092263869578477, 0.49886677493589393, -0.2784707749103954, -0.1669559910458962, -0.5833757956639969, 0.013637506484670991, -0.8209017103375862, -0.540730504976588, -0.7582553141408452, -0.6829646087615993, -0.2952293617911601, 0.9867889737179183, -0.42986680852271353, 0.5793129431775847, 0.7027954882582308, 0.09250891488577073, -0.5736721281597104], 'fitness': (0.9704203208287557,), 'features': (6.404111, -5.656024)}]","[{'name': '1709091858376-449', 'genom': [0.18165683562927448, 0.2771982009517482, 0.670491035218447, -0.786078391750398, 0.12653459046566207, -0.2976766022882955, -0.2928449653641383, 0.15420847190588094, 0.21485776086138464, -0.7463848960830723, 0.8343197610431159, -0.9157635058423257, 0.0068459790739137105, -0.9376293724064952, -0.617745379642676, 0.592571432721094, -0.2578556434025796, -0.2951604119869007, -0.7193251435757841, 0.13195681318934627, -0.9434374283972469, -0.20098847590884272, 0.6138831719995592, 0.14953646671341803, 0.47925594022621376, 0.6066146929948337, -0.25433038838481203], 'fitness': (0.9355770111083984,), 'features': (6.0347877, -4.357485)}]","[{'name': '1709137992756-7243', 'genom': [0.604304004252294, 0.7029395309491799, -0.9479358819151691, 0.9234745977406877, 0.6949177493688583, -0.9308534062728699, -0.680286115926978, 0.3974696739983905, 0.12030749663861862, -0.7482144690892967, 0.31125579852951124, 0.8631408912467649, -0.23451662015083552, 0.7417595070121841, -0.42997398635128836, -0.05327421184260994, -0.2729092699625828, 0.8249113653077931, -0.35881639303212776, -0.9309157819570959, 0.49223761331459426, 0.3587147036480829, 0.19554597987297284, 0.6892876253872491, -0.7237943619683684, 0.03779507173139418, -0.9248531058240657], 'fitness': (0.9246633688608805,), 'features': (6.742566, -3.7498477)}]","[{'name': '1709152147200-9332', 'genom': [0.745536502399498, 0.4194099974932175, 0.6364054414448614, -0.10894382728722163, -0.3988564611369436, 0.0725987581892833, 0.28727231878196524, 0.04588958648564967, -0.14466280903456252, -0.3085277171639884, -0.4129865569042932, -0.32619129333778396, 0.03162903138373996, -0.8176022978286253, -0.6926121758714983, 0.5704817577683718, 0.52339717549833, 0.7928472897842196, -0.5532583072160757, -0.6173960367846412, 0.5673631569456978, 0.5246290455299698, -0.9418941648932062, -0.5115628615102039, -0.10048923682235311, 0.9591565380608782, 0.8434637650502874], 'fitness': (0.9844823347197639,), 'features': (6.149771, -2.3738036)}]","[{'name': '1709100169093-1678', 'genom': [0.12991842174244028, 0.39509500425050237, -0.8030512734546604, -0.9513405266783608, 0.520084500902567, -0.7412522828932968, 0.3250737913152557, -0.9883635736290235, -0.6750304825226918, 0.5859433245091754, -0.529983739695697, 0.24762369973638232, 0.26397042590369346, -0.43705427753806747, -0.11433057186839068, -0.18533901971611932, -0.21716205330687433, -0.820554017513609, 0.28376816475610345, 0.951175171011645, -0.29891675193553957, -0.031978833350805536, 0.8368201282234298, -0.8111674647099196, -0.19773986541389799, -0.9207576762959848, 0.8450179525802433], 'fitness': (0.960911316341824,), 'features': (6.723064, -1.2351414)}]","[{'name': '1709089009652-33', 'genom': [-0.4844731154874742, 0.6561583027980731, -0.08156848906819492, 0.8709428887291104, 0.7017681992164246, 0.26915657925080927, -0.7121489264116856, 0.7364145829497484, -0.8179097677267613, 0.9783926648363634, -0.1980206420229571, 0.5866056330399618, -0.5353678628123226, -0.43920477949196157, 0.9354446121662767, -0.8037006564470004, 0.18105704113030785, 0.1261085788297751, 0.07964822941235083, -0.026621864490352642, -0.03403780802882195, 0.7943744228111183, -0.6048834993502876, 0.1923952885097675, 0.3149564068618509, 0.07825197944315554, 0.05199003990558926], 'fitness': (0.9544425275590684,), 'features': (6.742759, -0.6296302)}]","[{'name': '1709095432935-978', 'genom': [0.8661807940666881, -0.30799901802817375, -0.5873084850349022, 0.40755361915554, -0.08799640253183139, -0.9870193491936328, -0.8120680992828557, 0.4486522018036685, -0.8642600007223831, -0.4882534464671979, -0.16548202916763577, 0.7753483756265465, -0.4026648632207832, 0.8760520133833805, -0.5604889229999999, -0.48736559477880714, 0.11115728645420409, -0.9969255449048628, -0.6581634381200012, 0.28506652960476786, -0.5807430504904543, 0.46336668514855917, -0.4994746306355633, -0.19681143464045414, 0.15166941166410952, -0.94924000947554, 0.5819047266991846], 'fitness': (0.9901230567031436,), 'features': (6.7066417, 0.37260878)}]","[{'name': '1709140770085-7643', 'genom': [0.5114937734919338, -0.4795018073374977, 0.6379930343020621, 0.9046231075801492, 0.8682216000899361, 0.5705986721264871, 0.5942657718505899, -0.8912338826139343, 0.5281427120483846, -0.20636724246099347, -0.5712469927996449, -0.45711915031622596, 0.5198535916574334, -0.06986243651351631, -0.5399393103083636, 0.21341663513441844, 0.027210922312234764, -0.9853670250147202, -0.2965263936000784, -0.8872476411526364, 0.7223155898531739, -0.1967487451620875, 0.23829941179751568, 0.11606313211442143, 0.04263776814081277, -0.2891057958175933, 0.8590036278529445], 'fitness': (0.9781332121955024,), 'features': (6.313472, 1.5784597)}]","[{'name': '1709122995464-5020', 'genom': [0.07981377146421176, -0.06132890173504779, 0.9791753962661613, -0.10411661319946974, -0.744134560498209, -0.8431423337823105, 0.2288191285982586, 0.3623983068358003, 0.4978856608482183, 0.12725388608232802, -0.6275627405743036, 0.4541848903496486, -0.8109797375233041, -0.1798793919703745, 0.3834543478310233, 0.643372861443668, 0.41851883861647554, -0.08622551522056199, 0.35336332209381616, -0.26431199957543217, -0.7187558961056322, 0.06360939390397191, -0.5997568280083994, 0.9745983982030684, 0.606751483289995, -0.6626847049534093, 0.5904553077119463], 'fitness': (0.9829246481259664,), 'features': (6.0174427, 2.0171688)}]","[{'name': '1709089448428-98', 'genom': [0.1805992985866054, 0.4162166633656794, 0.3298410980131743, 0.32325952191583585, -0.5299739051939181, 0.5770987748091208, -0.009179568932269788, 0.6195176222487395, -0.6150014779184947, 0.13054822436395197, -0.016468661437651244, -0.8780374875438313, 0.8787700737447981, 0.482875407406828, -0.12749162444200346, -0.18093438903296577, -0.23189291086688169, -0.1275366144741754, 0.8232865031620975, -0.6577409910912306, 0.8379907470749297, 0.44112620113395096, -0.8005773604206683, -0.5331510500040393, 0.7490135459054637, 0.006933479611723525, -0.742499699375448], 'fitness': (0.9524000697665744,), 'features': (6.060278, 3.8732612)}]","[{'name': '1709098151011-1381', 'genom': [0.92218006646936, -0.5769704073604294, 0.7568491108204498, 0.08131172212573401, -0.08909048443370171, 0.18128112940744923, 0.7894709063413248, -0.038320213267233116, 0.35821404451151007, 0.3910335945884136, -0.8173692348933475, -0.15528310777627463, 0.5003866088862734, 0.9148677442682616, -0.46849722208411815, -0.4626349233764322, 0.5182251267760809, -0.48254315699422445, -0.6991573249196683, -0.4985117847434992, 0.2936389213677535, -0.4969025302624641, 0.5322159736142689, 0.3361108375731121, 0.591571343693948, -0.9768322847881692, -0.4070369504429514], 'fitness': (0.8621511141459147,), 'features': (6.824593, 4.6177464)}]","[{'name': '1709144831449-8231', 'genom': [0.3595001727833338, -0.2506372243257857, -0.11617817850690604, -0.4110675132264936, 0.6213338163490734, -0.41069724490573645, -0.6095138718080879, -0.2622558046608361, 0.14978431354749677, -0.3104631445575443, -0.9194955606370152, 0.09983143206776846, 0.38351499034990244, 0.5069703174217921, -0.9571043185374515, 0.5827773906574241, -0.32591579962755546, -0.9104058091434772, 0.7016666997057499, -0.5253300564741645, 0.2020117172905782, 0.30130670408505833, -0.09291502243489957, 0.5376486149153519, -0.14893424554186763, -0.8181603713699686, 0.05210896415104638], 'fitness': (0.9552894592285156,), 'features': (6.378368, 5.79782)}]","[{'name': '1709122995464-5020', 'genom': [-0.0804818314971334, -0.06132890173504779, 0.9791753962661613, -0.23075496417233388, -0.744134560498209, -0.8431423337823105, 0.2288191285982586, 0.3623983068358003, 0.4978856608482183, 0.12725388608232802, -0.7049117003472087, 0.4541848903496486, -0.8109797375233041, -0.06369015023302582, 0.3834543478310233, 0.8144448689931529, 0.41851883861647554, -0.08622551522056199, 0.35336332209381616, -0.26431199957543217, -0.7187558961056322, 0.06360939390397191, -0.5997568280083994, 0.9745983982030684, 0.606751483289995, -0.6626847049534093, 0.5904553077119463], 'fitness': (0.8733027882046169,), 'features': (6.453639, 6.612474)}]","[{'name': '1709098271369-1399', 'genom': [0.9448243681919601, 0.7026008646823287, -0.843880909669557, 0.5181667016805647, 0.8321903041258956, 0.11729416453266084, -0.13529504820012161, -0.5830422565377871, 0.6238726890001995, 0.38288819299848464, 0.12097067564253328, 0.1018987532517408, -0.799630901938134, -0.24571156360376678, -0.3631845337542743, -0.6190353778883722, -0.09062517966636352, 0.4148118104052745, -0.7094804805971167, 0.16427769571372752, 0.6344817791396977, 0.5442245867192748, -0.4022537143877276, 0.6110403926091608, 0.051799064953908625, 0.29576015527757926, -0.396495737940604], 'fitness': (0.7063503053453233,), 'features': (6.25469, 7.7902594)}]","[{'name': '1709088905787-17', 'genom': [0.2039421678657738, -0.5782956839118314, 0.6810400979179876, -0.3756280858800509, 0.9423477148604364, -0.6990652659042664, -0.31926884074374695, -0.30961533599152125, 0.4335792924448021, 0.45378613649508526, -0.9301898438829219, -0.632237145396872, 0.44519678171738875, 0.4883290115772527, 0.7587232712262635, 0.8756098803540457, 0.5552472976998939, 0.33909362057827086, 0.052972071389195685, -0.8537362194895366, -0.3068375727198438, -0.26233974595253473, 0.3893819988458824, 0.6395758891342747, -0.6933643092719315, -0.5070932603792444, 0.6711535191161739], 'fitness': (0.5810967339409723,), 'features': (6.390649, 8.631203)}]","[{'name': '1709098271369-1399', 'genom': [0.9616646225002743, 0.7026008646823287, -0.46010530174183883, 0.41101756884130025, 0.8321903041258956, 0.11729416453266084, -0.13529504820012161, -0.4188978663678671, 0.6214083035152247, 0.39969383142417003, 0.09084162426714282, -0.07512963100407233, -0.9686990334301471, -0.24571156360376678, -0.05691655997279588, -0.7041290302173506, -0.09062517966636352, 0.4148118104052745, -0.7615549748997361, -0.06417245344096023, 0.6344817791396977, 0.5442245867192748, -0.06525995838229082, 0.7074404097182703, 0.15734144463702582, 0.27627094980201794, -0.3927526419398075], 'fitness': (0.7239368862575954,), 'features': (6.147448, 9.922962)}]"
17,[],[],"[{'name': '1709137992756-7243', 'genom': [0.604304004252294, 0.7029395309491799, -0.9479358819151691, 0.9332017853351824, 0.5816463546654924, -0.9308534062728699, -0.680286115926978, 0.3974696739983905, 0.12030749663861862, -0.7482144690892967, 0.31125579852951124, 0.8631408912467649, -0.23451662015083552, 0.7417595070121841, -0.42997398635128836, -0.05327421184260994, 0.28063218191714956, 0.8811181639271117, -0.35881639303212776, -0.9309157819570959, 0.49223761331459426, 0.3709962587257456, 0.19554597987297284, 0.6892876253872491, -0.7237943619683684, 0.03779507173139418, -0.8047728953463913], 'fitness': (0.7684057023790147,), 'features': (7.9681315, -7.0250793)}]","[{'name': '1709091858376-449', 'genom': [0.49722073620188567, 0.2771982009517482, 0.5776430523603153, -0.8317267813272808, 0.11863076136767625, -0.2976766022882955, -0.2928449653641383, 0.3080139171489191, 0.21485776086138464, -0.8686551236781768, 0.8216661979131532, -0.740492536486167, 0.1010662564180198, -0.9844682455775222, -0.6526476127106977, 0.632380792411573, -0.2578556434025796, -0.41339559246059476, -0.7193251435757841, 0.12468528452260985, -0.9121105538922423, -0.07984946626134692, 0.46047281846611043, 0.0790199706723913, 0.47925594022621376, 0.6066146929948337, -0.25433038838481203], 'fitness': (0.987988191180759,), 'features': (7.3710613, -6.019389)}]","[{'name': '1709091858376-449', 'genom': [0.46659083472342844, 0.2826280486571291, 0.670491035218447, -0.786078391750398, 0.06647603978890437, -0.3136962539053323, -0.39906647636398085, 0.2840013754393209, 0.19296580099938954, -0.9379018107396926, 0.8275987072503161, -0.9165916201209496, 0.27097701895192494, -0.9376293724064952, -0.8495095878744803, 0.7308045898837772, -0.2564592131255481, -0.3219396584616805, -0.7298867598588341, -0.34114645255463616, -0.9091806969713674, -0.09523430568802782, 0.553199656531175, 0.05905740300861284, 0.3617774928816082, 0.6066146929948337, -0.37588741367647693], 'fitness': (0.9425206502278646,), 'features': (7.1224484, -5.7932615)}]","[{'name': '1709098738925-1468', 'genom': [0.905853472863938, -0.016785776707076705, 0.6655350261427031, 0.5789797185153405, -0.387695086244618, -0.963920972731372, -0.47868823735344423, 0.9358559031266331, 0.35289549357269334, 0.28847209833356713, 0.5762309475176166, -0.4416924447365447, -0.4617501011238472, -0.5062003532568893, 0.28745360856014357, -0.9646451831250658, -0.5074856688386653, 0.31156821335112994, 0.8015600441961821, 0.26523413286176156, -0.08378875453546986, -0.8201471558307003, 0.9192444188445517, -0.04805783207677927, 0.3423062146545084, 0.778885915105781, 0.05987750232694378], 'fitness': (0.8989962471856011,), 'features': (7.7448378, -4.7092776)}]","[{'name': '1709101755914-1911', 'genom': [-0.7012933326450768, 0.5750778258664897, 0.161121761424873, 0.03678839367288633, -0.9994691356434913, 0.518932236182873, 0.8551249328451833, 0.15026208351046666, 0.7400041877771248, 0.5770518292125095, 0.19351074668251633, -0.3195011320628809, 0.4092358078587377, -0.4381737312907632, 0.914577200147205, 0.37396254220763825, 0.7176069566269383, -0.07322051579366651, 0.01505353141040322, 0.04557443629433866, 0.7671167035358035, -0.3109703116588731, -0.3716395839278053, -0.6041418460334123, 0.3733774860140844, -0.4447467135553771, 0.4672177804703548], 'fitness': (0.8710540347629123,), 'features': (7.0659065, -3.6776342)}]","[{'name': '1709095432935-978', 'genom': [0.8661807940666881, -0.30799901802817375, -0.5873084850349022, 0.3813606941741161, -0.11296564836771128, -0.9231696047958595, -0.721274958304265, 0.3702802232557749, -0.8642600007223831, -0.4882534464671979, -0.16548202916763577, 0.7753483756265465, -0.43146198087732346, 0.6991175240747405, -0.5604889229999999, -0.48736559477880714, -0.16599650958818124, -0.9969255449048628, -0.6581634381200012, 0.28506652960476786, -0.6483769752570654, 0.46336668514855917, -0.4994746306355633, -0.13256926212689368, 0.15166941166410952, -0.94924000947554, 0.5819047266991846], 'fitness': (0.7985132217407227,), 'features': (7.009365, -2.0446382)}]","[{'name': '1709088905787-17', 'genom': [0.1507788840751818, -0.6050046263804683, 0.6810400979179876, -0.3756280858800509, 0.9147308567751797, -0.6986082967072713, -0.548379995268979, -0.36768145129050156, 0.8461413679781811, 0.4226628206550176, -0.9427315839440489, -0.7602121127440666, 0.44519678171738875, 0.4883290115772527, 0.7982580644031096, 0.6941779032016904, 0.5278570832050895, 0.2680081606694986, 0.18734655581678727, -0.7378765419638014, -0.3885590628873852, -0.3190497723744483, 0.4968679322144849, 0.6128983988516752, -0.795814881738659, -0.49386004151681884, 0.5929906052903151], 'fitness': (0.9531135400136311,), 'features': (7.1298623, -1.8293921)}]","[{'name': '1709127017026-5618', 'genom': [0.8714019338336527, 0.8890182820617993, 0.7652359639121435, 0.05607225027720775, 0.724902853234856, -0.8118155617675953, 0.3912416592935277, 0.887687894117746, -0.6863380270106072, 0.4544513091548652, -0.46238367430288974, 0.28300356212629096, 0.9727931271383656, 0.04147006542016474, 0.8688560930520168, -0.24170230480761723, -0.8666192104539927, -0.6518129058120214, -0.6995044948071636, 0.891156144998899, 0.11351066065040283, -0.08430322019380077, 0.10493942805088641, 0.3522507375540358, 0.6572070323133015, -0.4626098286098397, 0.08660038122744496], 'fitness': (0.9761763917075263,), 'features': (7.837998, -0.6714514)}]","[{'name': '1709151879769-9289', 'genom': [-0.40588322696631196, 0.354789386118207, 0.19676719408455257, -0.3181382937797199, 0.02221967742848996, -0.6315123658320307, -0.39259381067674415, -0.05250533650110678, -0.6494228575577001, -0.7009792744334065, -0.7369904585061153, 0.6038594486879023, 0.5336289937445817, 0.45633923544620947, -0.8655348901989846, -0.5267610753526155, -0.8717635568002391, 0.9749513289349421, 0.045412336137984566, 0.8011577111379327, 0.2271005374111117, 0.04055774563107306, -0.0029944933074268487, -0.67275189514059, 0.0040652543809454045, 0.4087872591492636, -0.6938333071447429], 'fitness': (0.8865700721740722,), 'features': (7.9466653, 0.13950151)}]","[{'name': '1709089667765-131', 'genom': [0.9088869504483588, 0.008891249331210993, -0.5067136538750241, 0.4369645598741456, 0.6328709131325805, -0.3856350277255869, 0.21890256917180428, -0.058103617827958365, 0.9268368509035376, -0.5480340016172609, 0.2839302813093765, 0.7078850600829614, 0.7673517813575976, -0.137880316168288, -0.4972254983188642, -0.8516319809952613, -0.1024027617578176, -0.1314246813524842, -0.8103381525957281, -0.5897493646691385, -0.6670568894789526, 0.7107050748598545, 0.19242088699868387, -0.7965820844890266, -0.9554753262155227, -0.18685502478208948, 0.8566012640007536], 'fitness': (0.992071004708608,), 'features': (7.8034306, 1.9153799)}]","[{'name': '1709088905787-17', 'genom': [0.1507788840751818, -0.6050046263804683, 0.6810400979179876, -0.3756280858800509, 0.9147308567751797, -0.6921757630385199, -0.392728223718686, -0.37579932329689214, 0.8461413679781811, 0.4226628206550176, -0.9301898438829219, -0.801135241624346, 0.44519678171738875, 0.4883290115772527, 0.7727013132844656, 0.787346988747393, 0.5016971374365413, 0.2680081606694986, -0.024162964674627085, -0.7378765419638014, -0.31868646210624285, -0.1885069303590794, 0.4968679322144849, 0.6128983988516752, -0.6969744160366611, -0.34963826852426716, 0.556526391994641], 'fitness': (0.9413904825846354,), 'features': (7.8452044, 2.5952742)}]","[{'name': '1709089667765-131', 'genom': [0.9088869504483588, 0.008891249331210993, -0.5067136538750241, 0.4369645598741456, 0.6328709131325805, -0.3856350277255869, 0.18039640871342422, -0.058103617827958365, 0.9233855901552805, -0.5480340016172609, 0.2839302813093765, 0.7078850600829614, 0.7673517813575976, -0.15842638776278362, -0.4972254983188642, -0.8325610142278523, -0.1024027617578176, -0.1314246813524842, -0.6619387712651377, -0.5897493646691385, -0.6670568894789526, 0.7107050748598545, 0.19242088699868387, -0.8347720572609163, -0.9554753262155227, -0.18685502478208948, 0.8072289577261609], 'fitness': (0.9964503036604987,), 'features': (7.687356, 3.5816965)}]","[{'name': '1709144831449-8231', 'genom': [0.3595001727833338, -0.2506372243257857, -0.21459470097001865, -0.4110675132264936, 0.6213338163490734, -0.41069724490573645, -0.6095138718080879, -0.2622558046608361, 0.14978431354749677, -0.39712868738933316, -0.9194955606370152, 0.09983143206776846, 0.38351499034990244, 0.5069703174217921, -0.9571043185374515, 0.5827773906574241, -0.32591579962755546, -0.9104058091434772, 0.7016666997057499, -0.5253300564741645, 0.2020117172905782, 0.30130670408505833, -0.09291502243489957, 0.5376486149153519, -0.14893424554186763, -0.8181603713699686, 0.05210896415104638], 'fitness': (0.923252158694797,), 'features': (7.2588825, 4.851237)}]","[{'name': '1709127017026-5618', 'genom': [0.8714019338336527, 0.8890182820617993, 0.7652359639121435, 0.05607225027720775, 0.8570511048833813, -0.8118155617675953, 0.3912416592935277, 0.887687894117746, -0.4311120193124436, 0.4544513091548652, -0.46238367430288974, 0.28300356212629096, 0.9727931271383656, 0.04147006542016474, 0.8688560930520168, -0.24170230480761723, -0.8666192104539927, -0.6518129058120214, -0.628727658004016, 0.891156144998899, -0.0748507230363884, -0.08430322019380077, 0.07855641623762133, 0.36406240593180117, 0.749091162137725, -0.4626098286098397, 0.030320822664733793], 'fitness': (0.8853221045600044,), 'features': (7.0421143, 5.1801434)}]","[{'name': '1709089023701-35', 'genom': [0.9107107524992917, 0.985466684614474, 0.3887606026072299, -0.44021141280133635, -0.49424860541535987, 0.076455659663766, 0.8820455004365482, 0.008150553216827783, -0.011057578388978362, 0.17654152512936472, -0.5316201476104316, -0.3410616265345445, -0.36634278858035585, -0.5081163185174191, 0.8808392117015056, 0.38577825158749257, -0.8248412936369198, 0.7524392062108469, 0.6462485604809425, -0.23993149510214273, -0.3152272505534519, -0.9074345448753385, 0.7054439766021021, 0.05779891584951424, -0.19118306188778167, 0.6225379307940464, -0.10926720503808895], 'fitness': (0.739405632019043,), 'features': (7.2707353, 6.653661)}]",[],"[{'name': '1709088905787-17', 'genom': [0.2039421678657738, -0.5782956839118314, 0.6354729837050379, -0.3756280858800509, 0.9423477148604364, -0.6990652659042664, -0.30423577095490173, -0.39850310223138674, 0.5100263172822923, 0.45378613649508526, -0.9301898438829219, -0.632237145396872, 0.49628382469156374, 0.5250162379300836, 0.7668099168630034, 0.787346988747393, 0.7057193268181989, 0.21114812587796128, 0.052972071389195685, -0.9329270555000355, -0.31909954037100663, -0.21733231677536824, 0.585074889025829, 0.6128983988516752, -0.6302273383619359, -0.4155034800180195, 0.6338164600280913], 'fitness': (0.5529463873969184,), 'features': (7.9239917, 8.40368)}]",[]
18,[],[],[],"[{'name': '1709121353733-4774', 'genom': [0.4629479861395773, 0.3040377934748393, 0.5993671907720164, -0.8190532902955918, 0.7048592740646813, -0.8515709906967159, 0.42486159171381055, 0.7692827351413192, 0.3999813971658124, 0.12007551848369324, -0.502074136504703, -0.08169073867726895, 0.8182832267147508, 0.09514176455466417, -0.1330029920098441, -0.03533086836957189, -0.2414432168488938, 0.9152993687958384, 0.3045182589553308, -0.3496667804401521, -0.8360589014760991, -0.6357421245957804, 0.5441797830852524, -0.8709482905633972, 0.13590649247401965, -0.47356596008695684, -0.37960687115190495], 'fitness': (0.7877522362603082,), 'features': (8.54663, -6.597789)}]","[{'name': '1709091858376-449', 'genom': [0.6137724612409301, 0.2826280486571291, 0.7288660358867827, -0.786078391750398, 0.06647603978890437, -0.36404133946902806, -0.3711467713851837, 0.2840013754393209, 0.18184677664271365, -0.9554644122341804, 0.8275987072503161, -0.9165916201209496, 0.1010662564180198, -0.9376293724064952, -0.7110806282573481, 0.6505003858829859, -0.2564592131255481, -0.36440819679905223, -0.7298867598588341, -0.024418531071852323, -0.9091806969713674, -0.18785904321367708, 0.553199656531175, 0.22999607547460954, 0.3617774928816082, 0.6066146929948337, -0.38505917896022623], 'fitness': (0.9314709981282552,), 'features': (8.035892, -5.0927935)}]","[{'name': '1709091858376-449', 'genom': [0.46659083472342844, 0.2771982009517482, 0.6294358832620419, -0.786078391750398, 0.12653459046566207, -0.2976766022882955, -0.2928449653641383, 0.3080139171489191, 0.21485776086138464, -0.8816477951008976, 0.8343197610431159, -0.9157635058423257, 0.1010662564180198, -0.9747666871860687, -0.6526476127106977, 0.632380792411573, -0.2578556434025796, -0.41339559246059476, -0.7193251435757841, 0.15150394084387409, -0.9091806969713674, -0.20098847590884272, 0.553199656531175, 0.08699087674956885, 0.47925594022621376, 0.6066146929948337, -0.25433038838481203], 'fitness': (0.8496327718098958,), 'features': (8.928418, -4.493889)}]","[{'name': '1709098738925-1468', 'genom': [0.9582328099136179, 0.033292979537591805, 0.6655350261427031, 0.5789797185153405, -0.26396121688718366, -0.963920972731372, -0.47868823735344423, 0.8837562655760893, 0.44451476200632656, 0.28847209833356713, 0.47958753081740846, -0.4416924447365447, -0.4617501011238472, -0.46910414351468255, 0.28745360856014357, -0.945427806117688, -0.5074856688386653, 0.38740710969137604, 0.7591396789146849, 0.17041987605544295, 0.011275426395065624, -0.8201471558307003, 0.9192444188445517, -0.04805783207677927, 0.3423062146545084, 0.778885915105781, 0.05987750232694378], 'fitness': (0.9238506740993924,), 'features': (8.350355, -3.865542)}]","[{'name': '1709137992756-7243', 'genom': [0.604304004252294, 0.7029395309491799, -0.9479358819151691, 0.9332017853351824, 0.6949177493688583, -0.9308534062728699, -0.680286115926978, 0.3974696739983905, 0.12030749663861862, -0.7482144690892967, 0.31125579852951124, 0.8631408912467649, -0.23451662015083552, 0.7417595070121841, -0.42997398635128836, -0.05327421184260994, -0.2729092699625828, 0.8811181639271117, -0.35881639303212776, -0.9309157819570959, 0.49223761331459426, 0.3587147036480829, 0.19554597987297284, 0.6892876253872491, -0.7237943619683684, 0.03779507173139418, -0.9248531058240657], 'fitness': (0.9043490727742513,), 'features': (8.98214, -2.7830334)}]","[{'name': '1709137992756-7243', 'genom': [0.604304004252294, 0.7029395309491799, -0.9479358819151691, 0.9347331201151756, 0.714868526496286, -0.9308534062728699, -0.7149444818927195, 0.3974696739983905, 0.12030749663861862, -0.7482144690892967, 0.3136389207369721, 0.8631408912467649, -0.13394470034903638, 0.7417595070121841, -0.42997398635128836, -0.12813133669651333, -0.2729092699625828, 0.8811181639271117, -0.37608707667228214, -0.9309157819570959, 0.49223761331459426, 0.340206156900013, 0.19554597987297284, 0.6892876253872491, -0.7237943619683684, 0.03779507173139418, -0.9248531058240657], 'fitness': (0.9731336805555556,), 'features': (8.823172, -1.8294411)}]","[{'name': '1709089667765-131', 'genom': [0.9088869504483588, 0.008891249331210993, -0.5067136538750241, 0.4369645598741456, 0.6328709131325805, -0.3856350277255869, 0.18039640871342422, -0.09598710524987131, 0.9233855901552805, -0.5480340016172609, 0.2839302813093765, 0.7078850600829614, 0.7673517813575976, -0.15842638776278362, -0.4972254983188642, -0.8325610142278523, -0.1024027617578176, -0.20308178659375087, -0.6619387712651377, -0.5897493646691385, -0.6670568894789526, 0.7107050748598545, 0.19242088699868387, -0.8347720572609163, -0.9554753262155227, -0.18685502478208948, 0.8072289577261609], 'fitness': (0.9963111758232117,), 'features': (8.587079, -0.5102559)}]","[{'name': '1709088905787-17', 'genom': [0.2039421678657738, -0.8080096245403878, 0.6810400979179876, -0.3756280858800509, 0.9147308567751797, -0.6986082967072713, -0.42142287355095087, -0.3205580531422214, 0.8461413679781811, 0.45378613649508526, -0.9301898438829219, -0.705810025339231, 0.4884476178041621, 0.6274585768633036, 0.7727013132844656, 0.3670872888202419, 0.6385569066572179, 0.2860178851179549, 0.005677496121239356, -0.8776060108415729, -0.3068375727198438, -0.1885069303590794, 0.6009082385610902, 0.6128983988516752, -0.6933643092719315, -0.46353376510250044, 0.6312978633786055], 'fitness': (0.9539722018771701,), 'features': (8.272816, 0.5485614)}]","[{'name': '1709088905787-17', 'genom': [0.1800821265643997, -0.794647399110137, 0.7951423504019255, -0.3756280858800509, 0.9871909929341589, -0.6986082967072713, -0.42142287355095087, -0.3205580531422214, 0.8461413679781811, 0.45378613649508526, -0.9453188299632616, -0.652584123759198, 0.4884476178041621, 0.6274585768633036, 0.8284947680123156, 0.787346988747393, 0.6368866455526756, 0.3049073786261214, 0.1015371425547571, -0.9549480610607763, -0.3068375727198438, -0.2173579523767657, 0.4939791443818715, 0.6128983988516752, -0.6933643092719315, -0.5070932603792444, 0.6312978633786055], 'fitness': (0.9656694200303819,), 'features': (8.639663, 1.0930938)}]","[{'name': '1709152800319-9436', 'genom': [0.4887171150289471, 0.554839052511203, 0.5377989498632596, 0.9741733071913341, 0.8217490277556028, 0.19904944725046403, 0.9354962580269341, 0.2215049683871151, -0.001080458963525377, -0.10602249086368065, -0.36961528670891064, -0.3742740022222417, -0.8141915762251903, 0.2903890657785342, 0.5028009141858105, -0.5264774488891502, -0.8104479601103509, 0.12326578204899419, 0.43331432433571093, 0.6153391876167931, 0.10022848033554355, 0.31047116310938705, 0.6951982405897315, 0.15108675005121985, -0.09090056465316798, -0.872412260485268, 0.7383306521753834], 'fitness': (0.6133470747205946,), 'features': (8.602702, 2.366423)}]","[{'name': '1709114839310-3821', 'genom': [-0.5885438037233743, 0.5570332049248099, -0.2107420447984163, -0.07074066554709191, 0.5067916699327946, -0.37745563372693836, 0.4024115024342265, -0.954714428039122, 0.8791113380315454, -0.3414712499999142, 0.1478299126320204, -0.0911075106918593, -0.13750727436561894, 0.5448923255213722, -0.12861176259888185, 0.4926754414534329, -0.2398058487759196, 0.8427285349732072, -0.14447876747494748, -0.6845371541584109, -0.4297867127183217, -0.13493370287755835, 0.1415565509704393, 0.6131155765143603, 0.6321376649739239, -0.3605432060088509, -0.7624741727408242], 'fitness': (0.8349203321668837,), 'features': (8.020435, 3.3214257)}]","[{'name': '1709089667765-131', 'genom': [0.9088869504483588, 0.008891249331210993, -0.4304290942632196, 0.40192923590323915, 0.6328709131325805, -0.3856350277255869, 0.18039640871342422, -0.09598710524987131, 0.9233855901552805, -0.5480340016172609, 0.36577373232560073, 0.7809576450700861, 0.8142384787188182, -0.3314238483164331, -0.4972254983188642, -0.8325610142278523, -0.04513749616790008, -0.20308178659375087, -0.6619387712651377, -0.5734796540137006, -0.6670568894789526, 0.7107050748598545, 0.19242088699868387, -0.8347720572609163, -0.9554753262155227, -0.24663594740928096, 0.8072289577261609], 'fitness': (0.8709305233425564,), 'features': (8.196488, 4.0794787)}]","[{'name': '1709088905787-17', 'genom': [0.2039421678657738, -0.5782956839118314, 0.6354729837050379, -0.3756280858800509, 0.9423477148604364, -0.6990652659042664, -0.4070563239608609, -0.3228125682173395, 0.5435570119260968, 0.45378613649508526, -0.9301898438829219, -0.632237145396872, 0.44519678171738875, 0.4883290115772527, 0.7727013132844656, 0.7583940561963569, 0.5552472976998939, 0.21114812587796128, 0.052972071389195685, -0.8776060108415729, -0.2969184021959339, -0.1885069303590794, 0.585074889025829, 0.6128983988516752, -0.6933643092719315, -0.5140744078099935, 0.6312978633786055], 'fitness': (0.7518373277452257,), 'features': (8.612916, 5.000586)}]","[{'name': '1709088905787-17', 'genom': [0.2039421678657738, -0.6602210377355471, 0.6810400979179876, -0.3756280858800509, 0.9147308567751797, -0.6986082967072713, -0.42142287355095087, -0.3205580531422214, 0.8461413679781811, 0.45378613649508526, -0.9453188299632616, -0.705810025339231, 0.4884476178041621, 0.6274585768633036, 0.7727013132844656, 0.787346988747393, 0.6299795194122444, 0.2860178851179549, 0.052972071389195685, -0.8776060108415729, -0.3068375727198438, -0.1885069303590794, 0.4939791443818715, 0.6128983988516752, -0.6933643092719315, -0.5070932603792444, 0.6312978633786055], 'fitness': (0.6252387152777777,), 'features': (8.973676, 6.651188)}]","[{'name': '1709088905787-17', 'genom': [0.2039421678657738, -0.5716919294130098, 0.6810400979179876, -0.3756280858800509, 0.9147308567751797, -0.6986082967072713, -0.42142287355095087, -0.3205580531422214, 0.8461413679781811, 0.45378613649508526, -0.9301898438829219, -0.705810025339231, 0.4884476178041621, 0.6274585768633036, 0.7727013132844656, 0.787346988747393, 0.6385569066572179, 0.2860178851179549, 0.052972071389195685, -0.8776060108415729, -0.3068375727198438, -0.1885069303590794, 0.6009082385610902, 0.6128983988516752, -0.6933643092719315, -0.5070932603792444, 0.6312978633786055], 'fitness': (0.7177274915907118,), 'features': (8.353101, 7.648767)}]","[{'name': '1709088905787-17', 'genom': [0.2039421678657738, -0.5812189899573816, 0.6354729837050379, -0.3756280858800509, 0.9512845279513757, -0.6990652659042664, -0.4070563239608609, -0.3577774540628529, 0.5435570119260968, 0.45378613649508526, -0.9301898438829219, -0.632237145396872, 0.44519678171738875, 0.4883290115772527, 0.7727013132844656, 0.7633958962667657, 0.5552472976998939, 0.21114812587796128, 0.052972071389195685, -0.8776060108415729, -0.2969184021959339, -0.1885069303590794, 0.5356694028716833, 0.5967121369098847, -0.6933643092719315, -0.5140744078099935, 0.6312978633786055], 'fitness': (0.4956599341498481,), 'features': (8.737092, 8.40797)}]",[]
19,[],[],[],[],[],"[{'name': '1709091858376-449', 'genom': [0.46659083472342844, 0.46083447511528797, 0.7153391847455064, -0.786078391750398, 0.01248473413691431, -0.2323725811407631, -0.39906647636398085, 0.2840013754393209, 0.18766667445790253, -0.9379018107396926, 0.8275987072503161, -0.8759156206783643, 0.26162308547957736, -0.9376293724064952, -0.7071844896741122, 0.7308045898837772, -0.2564592131255481, -0.36440819679905223, -0.7298867598588341, -0.34114645255463616, -0.9091806969713674, -0.09523430568802782, 0.553199656531175, 0.11547358860365953, 0.3617774928816082, 0.6066146929948337, -0.37588741367647693], 'fitness': (0.9113922966851129,), 'features': (9.869851, -4.581315)}]","[{'name': '1709088905787-17', 'genom': [0.2039421678657738, -0.5168058243266591, 0.6810400979179876, -0.3756280858800509, 0.9423477148604364, -0.6990652659042664, -0.31926884074374695, -0.30961533599152125, 0.4420090064839888, 0.4238759415249953, -0.9042232403674764, -0.632237145396872, 0.3715020113953307, 0.4883290115772527, 0.7261839334320177, 0.8756098803540457, 0.5186069709457481, 0.33909362057827086, 0.052972071389195685, -0.8537362194895366, -0.3068375727198438, -0.023748763302078535, 0.3893819988458824, 0.6395758891342747, -0.7786227351202517, -0.5070932603792444, 0.6711535191161739], 'fitness': (0.9103119744194879,), 'features': (9.277289, -3.166991)}]","[{'name': '1709088905787-17', 'genom': [-0.04383783120809048, -0.422326808126243, 0.6810400979179876, -0.3756280858800509, 0.9147308567751797, -0.6921757630385199, -0.392728223718686, -0.37579932329689214, 0.8461413679781811, 0.4226628206550176, -0.9301898438829219, -0.801135241624346, 0.44519678171738875, 0.42371384714927984, 0.7727013132844656, 0.787346988747393, 0.5758427940976898, 0.2680081606694986, -0.024162964674627085, -0.7378765419638014, -0.31868646210624285, -0.1885069303590794, 0.4968679322144849, 0.5235516676422936, -0.6969744160366611, -0.34963826852426716, 0.556526391994641], 'fitness': (0.9456579208374023,), 'features': (9.702075, -2.8505523)}]","[{'name': '1709088905787-17', 'genom': [0.1507788840751818, -0.6050046263804683, 0.6810400979179876, -0.3756280858800509, 0.9147308567751797, -0.6986082967072713, -0.548379995268979, -0.36768145129050156, 0.8461413679781811, 0.4226628206550176, -0.9427315839440489, -0.801135241624346, 0.44519678171738875, 0.4883290115772527, 0.7982580644031096, 0.6941779032016904, 0.5278570832050895, 0.2680081606694986, 0.18734655581678727, -0.7378765419638014, -0.3885590628873852, -0.3059498350948482, 0.4968679322144849, 0.6128983988516752, -0.795814881738659, -0.5070932603792444, 0.5929906052903151], 'fitness': (0.9711672756406996,), 'features': (9.340562, -1.6094258)}]","[{'name': '1709088905787-17', 'genom': [0.2039421678657738, -0.6602210377355471, 0.7951423504019255, -0.3756280858800509, 0.9147308567751797, -0.6986082967072713, -0.42142287355095087, -0.3205580531422214, 0.8461413679781811, 0.45378613649508526, -0.9453188299632616, -0.705810025339231, 0.4884476178041621, 0.6274585768633036, 0.7727013132844656, 0.787346988747393, 0.6299795194122444, 0.3872743006634747, 0.08544013805724471, -0.8776060108415729, -0.3068375727198438, -0.1885069303590794, 0.4939791443818715, 0.6128983988516752, -0.6933643092719315, -0.5070932603792444, 0.6312978633786055], 'fitness': (0.987877368927002,), 'features': (9.413175, -0.71599543)}]","[{'name': '1709088905787-17', 'genom': [0.10439358270845078, -0.6050046263804683, 0.6810400979179876, -0.3756280858800509, 0.9147308567751797, -0.6906708260391299, -0.42142287355095087, -0.37579932329689214, 0.8461413679781811, 0.45378613649508526, -0.9629145357231161, -0.580394509360791, 0.44519678171738875, 0.3848110134331735, 0.8431690086992514, 0.787346988747393, 0.649759358100072, 0.23436212162353254, 0.10303588998305879, -0.8776060108415729, -0.39775658939548464, -0.11316454046375268, 0.6347318986958668, 0.6003335591451859, -0.6933643092719315, -0.5747837614494793, 0.5657345945430357], 'fitness': (0.9693783521652222,), 'features': (9.615107, 0.37841672)}]","[{'name': '1709088905787-17', 'genom': [0.04759415596863281, -0.6050046263804683, 0.6810400979179876, -0.3756280858800509, 0.9147308567751797, -0.6921757630385199, -0.392728223718686, -0.4736409647877782, 0.8461413679781811, 0.4226628206550176, -0.9301898438829219, -0.801135241624346, 0.44519678171738875, 0.4883290115772527, 0.7727013132844656, 0.787346988747393, 0.5016971374365413, 0.2680081606694986, -0.024162964674627085, -0.7378765419638014, -0.31868646210624285, -0.1885069303590794, 0.4968679322144849, 0.6128983988516752, -0.6969744160366611, -0.34963826852426716, 0.5533834901350887], 'fitness': (0.9603983349270291,), 'features': (9.638522, 1.07193)}]","[{'name': '1709121353733-4774', 'genom': [0.4629479861395773, 0.3040377934748393, 0.5993671907720164, -0.8247904481349038, 0.8359716689776313, -0.8515709906967159, 0.4766361649726065, 0.7692827351413192, 0.3999813971658124, 0.12007551848369324, -0.502074136504703, -0.10351971969361573, 0.8182832267147508, 0.09514176455466417, -0.1330029920098441, -0.03533086836957189, -0.25129062111967304, 0.9152993687958384, 0.3045182589553308, -0.3496667804401521, -0.8360589014760991, -0.6357421245957804, 0.6470883353283259, -0.8709482905633972, 0.13590649247401965, -0.47356596008695684, -0.37960687115190495], 'fitness': (0.991233742237091,), 'features': (9.502081, 2.01665)}]","[{'name': '1709088905787-17', 'genom': [0.2039421678657738, -0.5782956839118314, 0.6810400979179876, -0.3888469561240364, 0.9423477148604364, -0.6990652659042664, -0.32231082052951265, -0.30961533599152125, 0.4335792924448021, 0.45378613649508526, -0.8722882529473488, -0.632237145396872, 0.44519678171738875, 0.4883290115772527, 0.7587232712262635, 0.8756098803540457, 0.5552472976998939, 0.33909362057827086, 0.052972071389195685, -0.8537362194895366, 0.01077435653362957, -0.26233974595253473, 0.3893819988458824, 0.6395758891342747, -0.6933643092719315, -0.5070932603792444, 0.6711535191161739], 'fitness': (0.9276986651950412,), 'features': (9.516723, 3.2806227)}]","[{'name': '1709088905787-17', 'genom': [0.2039421678657738, -0.5782956839118314, 0.6810400979179876, -0.3756280858800509, 0.9423477148604364, -0.6990652659042664, -0.31926884074374695, -0.30961533599152125, 0.5002829927196433, 0.45378613649508526, -0.9301898438829219, -0.632237145396872, 0.44519678171738875, 0.4883290115772527, 0.7727013132844656, 0.787346988747393, 0.5552472976998939, 0.34928330788913287, 0.052972071389195685, -0.8776060108415729, -0.3068375727198438, -0.026026806012310555, 0.6009082385610902, 0.6395758891342747, -0.5744781604404132, -0.4621659545351964, 0.6312978633786055], 'fitness': (0.7699571185641818,), 'features': (9.072363, 4.851428)}]","[{'name': '1709088905787-17', 'genom': [0.2039421678657738, -0.5782956839118314, 0.6354729837050379, -0.3756280858800509, 0.9423477148604364, -0.6990652659042664, -0.31926884074374695, -0.30961533599152125, 0.5435570119260968, 0.45378613649508526, -0.9301898438829219, -0.632237145396872, 0.44519678171738875, 0.4883290115772527, 0.7727013132844656, 0.787346988747393, 0.5552472976998939, 0.21114812587796128, 0.052972071389195685, -0.8776060108415729, -0.3068375727198438, -0.1885069303590794, 0.585074889025829, 0.6128983988516752, -0.6933643092719315, -0.5070932603792444, 0.6312978633786055], 'fitness': (0.6071559482150608,), 'features': (9.070595, 5.097425)}]",[],[],[],[]
