,0,1,2,3,4,5,6,7,8,9,10,11,12,13,14,15,16,17,18,19
0,"[{'name': '1710182935879-5611', 'genom': [-0.8853836198019942, -0.3452612965391013, 0.1781492943699159, 0.7152229680672091, 0.6390278273249461, -0.17618026226456562, 0.34515210114312955, 0.4624425505853176, -0.06947166145943928, 0.419524099472079, -0.3463011794268982, 0.30386149042806454, 0.1108141666658713, -0.3582302030694777, -0.08531217601544072, 0.9210571081030869, 0.3143617637845857, 0.5003976091391169, -0.7796444858825895, -0.6139980299367469, -0.7228599473741755, -0.9926236449504282, 0.6240764536881602, 0.7235118505281806, -0.6541885731623243, -0.34466821296460526, -0.3502159971018428, -0.3195525467550764, -0.15757115481062622, 0.36927806775789973, 0.6701093004130487, -0.10608716548561459, 0.9974916817565385, -0.12057336590654599, 0.340561907891038, 0.3218593623551482], 'fitness': (0.6307399325900607,), 'features': (-9.803093, -9.194548)}]","[{'name': '1710182935879-5611', 'genom': [-0.8853836198019942, -0.4494747036888733, 0.15819994814398175, 0.7152229680672091, 0.6630908901043371, -0.2093318646594533, 0.42886291054881487, 0.566198861050204, -0.06947166145943928, 0.419524099472079, -0.3463011794268982, 0.19991506473352239, 0.1108141666658713, -0.4359635859693691, -0.08531217601544072, 0.8529966668130275, 0.3143617637845857, 0.5003976091391169, -0.7796444858825895, -0.6831302915478172, -0.7228599473741755, -0.9926236449504282, 0.6240764536881602, 0.7235118505281806, -0.6885519587160525, -0.34466821296460526, -0.3394841920571112, -0.2924461354260208, -0.15757115481062622, 0.36927806775789973, 0.6701093004130487, -0.10608716548561459, 0.9974916817565385, -0.2857204705229692, 0.2857508376476572, 0.3218593623551482], 'fitness': (0.6463267008463541,), 'features': (-9.203916, -8.527494)}]","[{'name': '1710182935879-5611', 'genom': [-0.8853836198019942, -0.4494747036888733, 0.15819994814398175, 0.7152229680672091, 0.6630908901043371, -0.2093318646594533, 0.42886291054881487, 0.566198861050204, 0.08426256245265251, 0.419524099472079, -0.3463011794268982, 0.19991506473352239, 0.1108141666658713, -0.4359635859693691, -0.08531217601544072, 0.8529966668130275, 0.3143617637845857, 0.5003976091391169, -0.7796444858825895, -0.6831302915478172, -0.7228599473741755, -0.9926236449504282, 0.6240764536881602, 0.7235118505281806, -0.6885519587160525, -0.34466821296460526, -0.3724252155687229, -0.2691579108908093, -0.15757115481062622, 0.36927806775789973, 0.6987938541471046, -0.10608716548561459, 0.9974916817565385, -0.2857204705229692, 0.2857508376476572, 0.3218593623551482], 'fitness': (0.6198408338758681,), 'features': (-9.644836, -7.2628465)}]","[{'name': '1710182935879-5611', 'genom': [-0.8853836198019942, -0.4494747036888733, 0.15819994814398175, 0.7832556388283534, 0.6630908901043371, -0.2093318646594533, 0.3946728625612903, 0.566198861050204, -0.06947166145943928, 0.419524099472079, -0.3463011794268982, 0.20549475533328954, 0.1108141666658713, -0.4359635859693691, -0.08531217601544072, 0.864183431281984, 0.3143617637845857, 0.5003976091391169, -0.6678810718761665, -0.6828929790790725, -0.5659701474652858, -0.9926236449504282, 0.43330870024040413, 0.7235118505281806, -0.6885519587160525, -0.34466821296460526, -0.3394841920571112, -0.2924461354260208, -0.15757115481062622, 0.24442393225219616, 0.6701093004130487, -0.10608716548561459, 0.931577811251479, -0.2934018615031242, 0.10931900954955509, 0.3218593623551482], 'fitness': (0.8456951565212674,), 'features': (-9.472739, -6.295328)}]","[{'name': '1710162079520-108', 'genom': [-0.9428102454507521, 0.032253147043270314, -0.8049381021917137, 0.5554236198189586, 0.03398792295016806, 0.4445032236924771, 0.12938579943395734, 0.41519213103967223, -0.7166770783826322, 0.2172112630401002, 0.9365901111408526, -0.48530169963866765, -0.3729084316523634, 0.323354097696835, 0.735931166820242, 0.03315463060741575, 0.3469990549833559, 0.3501504173793948, 0.7933669686622995, 0.7024360208551563, 0.11261356658526434, 0.8319987710263743, 0.2335196346666757, 0.7203261494832318, -0.6706853597327627, 0.2299252994927572, -0.5936888790233046, -0.5156609842278934, 0.7081892155350795, 0.6519705196830277, -0.865539475462757, -0.11583058955099368, 0.16236699116814934, 0.07474675040361278, 0.6727083799187916, -0.7847400887353668], 'fitness': (0.5425416310628255,), 'features': (-9.489627, -5.1905346)}]","[{'name': '1710182935879-5611', 'genom': [-0.8853836198019942, -0.4494747036888733, 0.15819994814398175, 0.7152229680672091, 0.6630908901043371, -0.2093318646594533, 0.42886291054881487, 0.566198861050204, -0.06947166145943928, 0.419524099472079, -0.3463011794268982, 0.20549475533328954, 0.1108141666658713, -0.4359635859693691, -0.08531217601544072, 0.864183431281984, 0.3143617637845857, 0.5003976091391169, -0.7796444858825895, -0.6831302915478172, -0.8249001687172723, -0.9926236449504282, 0.43330870024040413, 0.7235118505281806, -0.6885519587160525, -0.34466821296460526, -0.3394841920571112, -0.2924461354260208, -0.15757115481062622, 0.24442393225219616, 0.6701093004130487, -0.10608716548561459, 0.931577811251479, -0.2857204705229692, 0.10931900954955509, 0.3218593623551482], 'fitness': (0.8162250518798828,), 'features': (-9.496113, -4.702487)}]","[{'name': '1710182935879-5611', 'genom': [-0.8853836198019942, -0.5148572074764075, 0.15819994814398175, 0.7152229680672091, 0.6630908901043371, -0.2093318646594533, 0.42886291054881487, 0.5574169944644216, -0.22519869137667103, 0.419524099472079, -0.3463011794268982, 0.20549475533328954, 0.1108141666658713, -0.3867450346123871, -0.1636401033758632, 0.864183431281984, 0.3143617637845857, 0.5003976091391169, -0.7958834993361312, -0.595844404398775, -0.7801249573036362, -0.9884834985342357, 0.51929465624056, 0.7235118505281806, -0.7092336047538119, -0.14667799622727218, -0.3394841920571112, -0.2924461354260208, -0.30398588650211655, 0.24442393225219616, 0.7251651689315528, -0.10608716548561459, 0.931577811251479, -0.2857204705229692, -0.05421540136209124, 0.30384333315008116], 'fitness': (0.9426269107394748,), 'features': (-9.221445, -3.2205439)}]",[],"[{'name': '1710174181705-3308', 'genom': [-0.1207346456167353, -0.8152005295945106, -0.5838760773116252, 0.7050903266809967, 0.5168377356901448, -0.8031149489057183, -0.41925421355484627, 0.7592667756221869, -0.12442948760488703, 0.3506589616435125, -0.42591721152704354, 0.32807990545702825, 0.43735353821806955, 0.8804138293901671, 0.08725185090206655, -0.3876673311183698, 0.05064932516021314, -0.6087290158393088, -0.7857814501905849, -0.9755987394480028, 0.6083648324097655, -0.4965636813290055, 0.5970219573204831, 0.5578102394261373, 0.5092260996112121, -0.707629644853631, -0.9261196547751889, 0.0566386043788667, 0.07068095354976589, -0.9435079860061728, -0.02750364199716282, -0.4829084660687901, 0.9850591345588009, 0.5456295913580376, -0.14322024359474206, -0.6331631966580689], 'fitness': (0.9961415847142537,), 'features': (-9.4967785, -1.2556602)}]","[{'name': '1710162876505-325', 'genom': [-0.7214981668401304, 0.7825006677368818, 0.02385461464571459, -0.19828424470163997, -0.4343243845048701, -0.42214220630278754, 0.9891911516202294, 0.9958164395454454, -0.07490712433530256, -0.021876190003439655, 0.514961515211068, 0.8031396575233289, 0.7940749463650374, 0.8838433435681863, 0.24750102152776576, -0.5786274983955113, 0.33122743764873674, -0.02589598905111945, 0.1838406299990063, 0.5656891999794722, -0.05812884377776384, 0.7684011427382023, -0.011551164462623387, 0.9997310037522189, 0.369786085940931, 0.19744934181215834, 0.7841303339804395, -0.20326926627326847, 0.05336595675239386, 0.5726802864224165, -0.8448551520849228, 0.6483200425152307, 0.41049183946739776, -0.10233881674996348, -0.43411326079474, -0.1831154170708711], 'fitness': (0.9713431437810262,), 'features': (-9.021297, -0.71649224)}]","[{'name': '1710174181705-3308', 'genom': [-0.03942124954856774, -0.7554702861900713, -0.5106450715662603, 0.7050903266809967, 0.5946546157324455, -0.9160372600521629, -0.41925421355484627, 0.7592667756221869, -0.12442948760488703, 0.17675274108903372, -0.42591721152704354, 0.32807990545702825, 0.43735353821806955, 0.8804138293901671, 0.2972690861567653, -0.3876673311183698, 0.05064932516021314, -0.5166772615820918, -0.7679226876407859, -0.9755987394480028, 0.6611704412756614, -0.4965636813290055, 0.7767831405816645, 0.5578102394261373, 0.5092260996112121, -0.8490583765941928, -0.9454837027025436, 0.22493029165067857, 0.21127340923354532, -0.9435079860061728, 0.15779076289854244, -0.4829084660687901, 0.9850591345588009, 0.6332300772667794, -0.14322024359474206, -0.6331631966580689], 'fitness': (0.9485643386840821,), 'features': (-9.428007, 0.95292103)}]","[{'name': '1710174181705-3308', 'genom': [-0.1207346456167353, -0.8210645146950493, -0.5838760773116252, 0.7050903266809967, 0.708711822445478, -0.6874324352128582, -0.11994696385568648, 0.7592667756221869, -0.25103766315705944, 0.32711038293658423, -0.46202924969805736, 0.20093197776186966, 0.42773492121270773, 0.8804138293901671, 0.09876028276034488, -0.3876673311183698, 0.05064932516021314, -0.5166772615820918, -0.7679226876407859, -0.8492699653427638, 0.7449930740178909, -0.4965636813290055, 0.7767831405816645, 0.5289615904865259, 0.5442378267592183, -0.707629644853631, -0.9340462738800217, 0.18870124682623501, 0.5001284878792109, -0.9435079860061728, 0.15779076289854244, -0.4829084660687901, 0.9792836697429415, 0.6316499532285442, -0.14322024359474206, -0.47984725292860686], 'fitness': (0.9420233408610026,), 'features': (-9.102708, 1.7353966)}]","[{'name': '1710162596942-241', 'genom': [0.17504051126518538, -0.9697543634088979, 0.5752937051050298, -0.4743398570584674, -0.42284208435195425, -0.5298650660612119, -0.6078226531111213, 0.9782009807965379, 0.27792696288832563, 0.8934625345949612, -0.6099731403863771, 0.6362349298074479, -0.6458795286094079, -0.15541621734574895, -0.6263741848407043, -0.47035072486568286, 0.2981454906038441, 0.6063402607443855, 0.16226704857446173, -0.31379979595504803, -0.7486384882514461, -0.39697044025298234, 0.796387213322373, -0.5940999504806366, 0.3972566150773049, 0.8379955610365726, 0.08349578523155632, 0.1539692997829225, 0.45159981628917234, 0.012650521819177918, 0.9923349630544982, -0.39568075679711723, 0.9422153282042274, 0.724879730871959, 0.33405672164926004, -0.2695308570366475], 'fitness': (0.9721803665161133,), 'features': (-9.31331, 2.6179314)}]","[{'name': '1710163970150-615', 'genom': [-0.6115864691417177, 0.8998877513001062, -0.37267598765532006, 0.09634708240247813, 0.6333041811705296, 0.42819031024763077, 0.9436446224552004, 0.49011137803676563, 0.3290301546337442, 0.18867719317528908, -0.39539322470622174, 0.270438546750579, 0.769017228409717, -0.18626333508045168, -0.05257009449321126, -0.9697497009503264, -0.08144886991221623, -0.45051280772307134, 0.558982840621072, 0.4289732649228555, 0.4944879100851749, -0.4024057445572158, -0.9767630973806218, 0.024923609567139904, 0.710288855890276, -0.6272723219556868, -0.7291252251216673, 0.17810611191847192, 0.5068493417467272, 0.07387516400120275, 0.8272882646490516, 0.4927119349813611, 0.5175901814078354, -0.4994231755324774, -0.8171793937470333, 0.9057240843363557], 'fitness': (0.7566152784559461,), 'features': (-9.663097, 3.2409194)}]","[{'name': '1710162596942-241', 'genom': [0.22697762039630986, -0.9697543634088979, 0.5742003167405505, -0.5987091057503753, -0.42284208435195425, -0.5298650660612119, -0.6078226531111213, 0.9782009807965379, 0.27792696288832563, 0.9867582707690061, -0.6099731403863771, 0.6362349298074479, -0.6458795286094079, -0.15541621734574895, -0.5876600969493078, -0.6706265286407178, 0.2981454906038441, 0.6063402607443855, 0.33630348336128413, -0.31379979595504803, -0.7486384882514461, -0.4198872849903703, 0.796387213322373, -0.5940999504806366, 0.2962467450803614, 0.8379955610365726, 0.08349578523155632, 0.1539692997829225, 0.29633091050295524, 0.012650521819177918, 0.9923349630544982, -0.39568075679711723, 0.6524517791103777, 0.724879730871959, 0.33405672164926004, -0.2695308570366475], 'fitness': (0.9807642738024394,), 'features': (-9.01318, 4.8884983)}]",[],"[{'name': '1710177139018-4081', 'genom': [-0.6428938090912524, -0.6360641396900035, 0.2749679354147798, 0.9895448767073873, 0.12086258835578234, 0.3641851006099539, 0.309443270571393, -0.11754187264877491, -0.7005599731351644, 0.46029560771491274, -0.9140703025042318, 0.20476484190462374, -0.14684698921026795, 0.344426864364366, 0.5774460875902065, 0.5672858758915726, 0.22241629546514985, 0.745460790356568, -0.5827368027548763, -0.48067557239221403, -0.5392360640375848, 0.7590008302934459, -0.06617466083799917, -0.3426290478663787, -0.29915359570373057, 0.5536040530422617, 0.1345020158250605, -0.7849550554868394, 0.9354584898457734, 0.09775946836809934, -0.04464528856669703, 0.17928500934575342, 0.6511960289162473, 0.9815777703344812, -0.11818813458978306, 0.560486830670762], 'fitness': (0.9081242879231771,), 'features': (-9.505724, 6.8062525)}]","[{'name': '1710162372442-182', 'genom': [-0.23358767928059598, 0.17692507454546025, -0.11501054962698887, -0.04610761664295615, -0.27320298023308487, -0.251315640225215, -0.09691653249642718, -0.3130691020644547, -0.003174215934471869, 0.04248202820957725, 0.057944007436288913, -0.7938365092232742, -0.5600222066034712, -0.3773674013854962, 0.9553955488368111, 0.007047804146316672, -0.14012624767133186, 0.23210088323408762, 0.08378359303331573, -0.9476852301422152, -0.6411526734228306, -0.6914620658533879, -0.3653410817961269, 0.5895427566444678, -0.09626636654815135, 0.419230619822756, 0.8871986891418042, 0.9775699775009379, 0.7762781405910719, -0.7876935410362274, 0.6585120421227102, 0.0654795286268477, -0.2625162885126726, 0.5858661045652716, -0.31177019553018614, 0.3665559644974212], 'fitness': (0.3551941765679253,), 'features': (-9.628303, 7.4174623)}]","[{'name': '1710162372442-182', 'genom': [-0.23358767928059598, 0.17692507454546025, -0.11501054962698887, -0.04610761664295615, -0.34367356141272043, -0.530243707813665, 0.2697574062306205, -0.3130691020644547, -0.007604008486667757, 0.04248202820957725, -0.22646143628617788, -0.7015109340983179, -0.5721602441264877, -0.3773674013854962, 0.9553955488368111, 0.09228486936192071, -0.14012624767133186, 0.11993543991556077, 0.08378359303331573, -0.9831488979526337, -0.8413182383117077, -0.6914620658533879, -0.3653410817961269, 0.5895427566444678, -0.019905937728868173, 0.5395801028922416, 0.8409645654843383, 0.9775699775009379, 0.7762781405910719, -0.7876935410362274, 0.6585120421227102, 0.13824873227810897, -0.2625162885126726, 0.5858661045652716, -0.31177019553018614, 0.33916588695013083], 'fitness': (0.49488093058268223,), 'features': (-9.597239, 8.347722)}]","[{'name': '1710162372442-182', 'genom': [-0.23358767928059598, 0.17692507454546025, -0.36162371423912076, -0.04610761664295615, -0.27320298023308487, -0.4448903022229951, -0.09691653249642718, -0.3130691020644547, -0.007604008486667757, 0.061736700553596924, 0.057944007436288913, -0.7015109340983179, -0.5721602441264877, -0.3773674013854962, 0.9553955488368111, 0.10749009239360019, -0.19135790479989523, 0.11993543991556077, 0.073661500675259, -0.9476852301422152, -0.6613079270760831, -0.6914620658533879, -0.3653410817961269, 0.5895427566444678, -0.1338822814523566, 0.419230619822756, 0.8871986891418042, 0.9806578655771241, 0.7762781405910719, -0.7450932717739938, 0.6585120421227102, 0.0654795286268477, -0.2625162885126726, 0.5858661045652716, -0.31177019553018614, 0.33916588695013083], 'fitness': (0.5808533562554253,), 'features': (-9.545083, 9.436069)}]"
1,[],"[{'name': '1710182935879-5611', 'genom': [-0.8853836198019942, -0.4494747036888733, 0.15819994814398175, 0.7152229680672091, 0.6630908901043371, -0.2093318646594533, 0.42886291054881487, 0.4624425505853176, -0.06947166145943928, 0.419524099472079, -0.3463011794268982, 0.30386149042806454, 0.1108141666658713, -0.4359635859693691, -0.08531217601544072, 0.8529966668130275, 0.3143617637845857, 0.5003976091391169, -0.7796444858825895, -0.6831302915478172, -0.7228599473741755, -0.9926236449504282, 0.6240764536881602, 0.7235118505281806, -0.6541885731623243, -0.34466821296460526, -0.3394841920571112, -0.3195525467550764, -0.15757115481062622, 0.36927806775789973, 0.6701093004130487, -0.10608716548561459, 0.9974916817565385, -0.12057336590654599, 0.340561907891038, 0.3218593623551482], 'fitness': (0.558664576212565,), 'features': (-8.284181, -8.723966)}]","[{'name': '1710182935879-5611', 'genom': [-0.8853836198019942, -0.6046932810341885, 0.08088589787035927, 0.7152229680672091, 0.6967850856024491, -0.2093318646594533, 0.6520525099075847, 0.566198861050204, -0.22519869137667103, 0.419524099472079, -0.3463011794268982, 0.21739385782655107, 0.1108141666658713, -0.4998064245780276, -0.1636401033758632, 0.864183431281984, 0.3143617637845857, 0.5003976091391169, -0.722768401724512, -0.6831302915478172, -0.7801249573036362, -0.9884834985342357, 0.51929465624056, 0.7235118505281806, -0.8335523669416718, -0.48601807594404556, -0.3394841920571112, -0.2924461354260208, -0.15757115481062622, 0.24442393225219616, 0.6701093004130487, -0.10608716548561459, 0.931577811251479, -0.2857204705229692, 0.10931900954955509, 0.3078478708545789], 'fitness': (0.6747862497965494,), 'features': (-8.235319, -7.0074916)}]","[{'name': '1710162091566-111', 'genom': [-0.7616581744037385, -0.13618599409734733, -0.7309369952635438, 0.2976838020169803, -0.030166220712612546, -0.3235167550586777, -0.6553798074778538, -0.43198509694120024, -0.24775358981368667, 0.02709407950211129, 0.7982592420026628, 0.8124613895917272, 0.8667578307281008, 0.14653984791659513, -0.516347506108028, 0.05048153563577551, 0.8736227307962086, 0.5455491047242598, -0.12173699358960288, -0.7847610305831922, -0.8133121862971473, 0.20977936668190877, 0.4329932117514297, 0.9957085761117557, 0.6008332228915283, 0.531975308591284, 0.6572387752142268, 0.41983195213624014, -0.5211551792118319, -0.5078601020206703, 0.09570673710969091, 0.642551912045632, 0.3324388557248794, 0.1690041206477899, -0.8421335060936619, -0.27839036335772493], 'fitness': (0.8751903851826985,), 'features': (-8.518428, -6.2490635)}]","[{'name': '1710180719810-5029', 'genom': [-0.9901088830493359, -0.6205801542175049, -0.7582542871068119, -0.5661754366998757, -0.5850793224154427, -0.6616440905800001, -0.24902955563143858, 0.0811627928148555, -0.6784708145122338, -0.5377998653847214, -0.5307997691725022, -0.4110843469709957, 0.1818418289645356, 0.37556800601103735, 0.4840369491364058, -0.6864219234600795, 0.34771496263407276, 0.21164763686253818, 0.24916351024229666, 0.41264419079490167, 0.7625525646994953, 0.019222212816605744, -0.7676972654417238, -0.27042104077582674, -0.14883552943799172, 0.8577476168042828, 0.1468776562321028, 0.2365616279279501, 0.6952791915083434, 0.04453276133550088, 0.5311649064731656, -0.28965985838550323, -0.8615634163860404, -0.13508461426131868, 0.22434337949060534, -0.0287863002211326], 'fitness': (0.9665991730160184,), 'features': (-8.206116, -5.8544006)}]","[{'name': '1710162079520-108', 'genom': [-0.9729358390132743, 0.032253147043270314, -0.6099584985968944, 0.6050782370231038, 0.03398792295016806, 0.6454034053638222, 0.12938579943395734, 0.42217902077873526, -0.7012194169782873, 0.07745371877771756, 0.9802331040738474, -0.5504806547099874, -0.015267360645998318, 0.25059450624445323, 0.7658104846467362, 0.03315463060741575, 0.3469990549833559, 0.3501504173793948, 0.7078364747015111, 0.7024360208551563, 0.22909014709518538, 0.8319987710263743, 0.2335196346666757, 0.7203261494832318, -0.6706853597327627, 0.2299252994927572, -0.7171944734709066, -0.5585371292939953, 0.7081892155350795, 0.6519705196830277, -0.7506076226770466, -0.11583058955099368, 0.07142958708882086, 0.07474675040361278, 0.9832724722777517, -0.747434985455028], 'fitness': (0.9646358357535468,), 'features': (-8.44928, -4.889509)}]","[{'name': '1710180719810-5029', 'genom': [-0.9901088830493359, -0.6664034912951202, -0.7582542871068119, -0.5661754366998757, -0.5850793224154427, -0.6616440905800001, -0.24902955563143858, 0.0811627928148555, -0.8401764770100224, -0.5377998653847214, -0.5130676855067775, -0.3268292733639748, 0.1818418289645356, 0.27167266337277796, 0.4840369491364058, -0.6706571755045316, 0.34771496263407276, 0.21164763686253818, 0.24916351024229666, 0.41264419079490167, 0.7625525646994953, 0.019222212816605744, -0.7676972654417238, -0.27042104077582674, -0.14883552943799172, 0.8577476168042828, 0.1468776562321028, 0.2365616279279501, 0.6952791915083434, 0.04453276133550088, 0.5311649064731656, -0.28086624483594913, -0.8615634163860404, -0.13508461426131868, 0.2410255544358939, -0.0287863002211326], 'fitness': (0.9775597969690959,), 'features': (-8.505465, -3.0961504)}]","[{'name': '1710174181705-3308', 'genom': [-0.1207346456167353, -0.7969166195571793, -0.3895344134443157, 0.7050903266809967, 0.5826018567160984, -0.9257042554386392, -0.3601623526929003, 0.7592667756221869, -0.01483770530089945, 0.4977887506491132, -0.42591721152704354, 0.32807990545702825, 0.2472535219738201, 0.8804138293901671, 0.08725185090206655, -0.3876673311183698, 0.1786151032140335, -0.6884553483470288, -0.7857814501905849, -0.7236030424379998, 0.6083648324097655, -0.4965636813290055, 0.7767831405816645, 0.5578102394261373, 0.5092260996112121, -0.707629644853631, -0.9261196547751889, -0.04842314116335933, 0.21127340923354532, -0.9435079860061728, -0.04967800711782577, -0.4829084660687901, 0.9850591345588009, 0.5456295913580376, -0.14322024359474206, -0.6331631966580689], 'fitness': (0.9646384716033936,), 'features': (-8.113476, -2.410983)}]","[{'name': '1710162876505-325', 'genom': [-0.5331883263300352, 0.7825006677368818, 0.16458827616613747, -0.21980261027550396, -0.4343243845048701, -0.27487546812104435, 0.9932264414354421, 0.851813774896216, -0.03357311821584963, -0.10962643946885908, 0.4940217845488222, 0.8031396575233289, 0.7940749463650374, 0.8239504821763566, 0.24750102152776576, -0.5786274983955113, 0.15479430990254417, -0.1473385484288685, 0.28608898748427025, 0.5656891999794722, -0.025195456901749402, 0.7684011427382023, -0.011551164462623387, 0.9971254483239733, 0.369786085940931, 0.10268704283683983, 0.7841303339804395, -0.19089070857887136, 0.12632252605169625, 0.4821107164351863, -0.8448551520849228, 0.4938414223462233, 0.5568339283555852, -0.03606610619354633, -0.4240434006491358, -0.10625319632191887], 'fitness': (0.9758597241507636,), 'features': (-8.883859, -1.3143139)}]","[{'name': '1710174181705-3308', 'genom': [-0.1207346456167353, -0.7554702861900713, -0.7496726581697921, 0.7050903266809967, 0.6118217140127602, -0.9257042554386392, -0.41925421355484627, 0.9692566186828595, -0.01483770530089945, 0.4977887506491132, -0.42591721152704354, 0.32807990545702825, 0.09253152320628422, 0.8804138293901671, 0.08725185090206655, -0.3876673311183698, 0.05064932516021314, -0.6087290158393088, -0.9173344618431769, -0.9755987394480028, 0.691646044153587, -0.4965636813290055, 0.7767831405816645, 0.5578102394261373, 0.29834093564149744, -0.9214953165447017, -0.831873475503917, 0.09866749067521186, 0.3740466062487917, -0.9435079860061728, -0.04967800711782577, -0.4829084660687901, 0.9850591345588009, 0.5456295913580376, -0.14322024359474206, -0.6331631966580689], 'fitness': (0.9895681752098932,), 'features': (-8.562288, -0.46731934)}]","[{'name': '1710174181705-3308', 'genom': [-0.1207346456167353, -0.8210645146950493, -0.5838760773116252, 0.7050903266809967, 0.708711822445478, -0.7749644738395749, -0.41925421355484627, 0.7592667756221869, -0.28497682135863633, 0.2623307688272112, -0.46202924969805736, 0.27140396185767, 0.42773492121270773, 0.8804138293901671, 0.09876028276034488, -0.3876673311183698, 0.05064932516021314, -0.5166772615820918, -0.7679226876407859, -0.8492699653427638, 0.7077606491343227, -0.4965636813290055, 0.7767831405816645, 0.5289615904865259, 0.5442378267592183, -0.707629644853631, -0.9261196547751889, 0.18870124682623501, 0.5001284878792109, -0.9435079860061728, 0.15779076289854244, -0.4829084660687901, 0.9792836697429415, 0.6332300772667794, -0.14322024359474206, -0.6331631966580689], 'fitness': (0.9493829515245226,), 'features': (-8.4966955, 0.3236792)}]","[{'name': '1710174181705-3308', 'genom': [-0.1207346456167353, -0.7197333368639522, -0.5838760773116252, 0.7833183930161496, 0.6931039691708365, -0.9078097578740425, -0.41925421355484627, 0.7994995188992451, -0.2522456421735828, 0.3603379537684841, -0.46202924969805736, 0.26685818122127536, 0.42773492121270773, 0.8804138293901671, 0.08725185090206655, -0.3876673311183698, 0.05064932516021314, -0.5166772615820918, -0.7679226876407859, -0.9650386058582368, 0.4220928662272396, -0.4965636813290055, 0.7767831405816645, 0.5289615904865259, 0.5442378267592183, -0.7828486720247727, -0.6950173723088044, 0.18870124682623501, 0.21127340923354532, -0.9702534851591478, 0.15779076289854244, -0.43774205533220534, 0.7791204535177576, 0.6332300772667794, -0.14322024359474206, -0.6331631966580689], 'fitness': (0.9879759046766493,), 'features': (-8.321171, 1.4427187)}]","[{'name': '1710164414293-726', 'genom': [-0.4907543675446484, 0.15493212625768193, 0.8869093472644203, -0.3446064124098436, 0.699507775113321, 0.5040005486852748, -0.6622248303614668, 0.7166522831725854, 0.4974864319499086, -0.32233403351642687, -0.7850102074325371, -0.34596701359070137, 0.6855286450172218, -0.17413227114952523, -0.9773404298183663, 0.8018970561838166, 0.0706895751767409, 0.8266931726779227, 0.6913301942747514, 0.9957186629128532, -0.8950601602890109, 0.019315344779598176, 0.6922560720114468, -0.457077137974224, 0.8915057254495464, 0.5364224044548156, 0.27303738426072566, 0.8850856713909416, 0.9102812569530492, -0.5386907264824112, 0.23122763496449994, 0.2693948725953228, 0.5459537339233194, -0.652691060314001, 0.711627151575962, 0.4185488926435077], 'fitness': (0.9799301822980245,), 'features': (-8.878538, 2.354454)}]","[{'name': '1710174181705-3308', 'genom': [-0.03942124954856774, -0.6647857124587713, -0.4889122739103857, 0.7050903266809967, 0.6031363507955223, -0.9160372600521629, -0.41925421355484627, 0.7592667756221869, -0.12442948760488703, 0.4110665096830206, -0.42591721152704354, 0.22288346893841093, 0.47265842295857885, 0.8804138293901671, 0.189309753243335, -0.5216347147703901, 0.011009924821815842, -0.5166772615820918, -0.7679226876407859, -0.9956996009619346, 0.6611704412756614, -0.49162457713452645, 0.8611457818273047, 0.5578102394261373, 0.5092260996112121, -0.8045364829680133, -0.9454837027025436, 0.19404733246797945, 0.21127340923354532, -0.9435079860061728, 0.15779076289854244, -0.4864209422659409, 0.9850591345588009, 0.6332300772667794, -0.14322024359474206, -0.758440479365279], 'fitness': (0.8089637968275282,), 'features': (-8.565404, 3.8256726)}]","[{'name': '1710174181705-3308', 'genom': [-0.1207346456167353, -0.8210645146950493, -0.5838760773116252, 0.7050903266809967, 0.6947362063214579, -0.7749644738395749, -0.41925421355484627, 0.7592667756221869, -0.28497682135863633, 0.2623307688272112, -0.46202924969805736, 0.27140396185767, 0.27705226568259467, 0.8804138293901671, 0.09876028276034488, -0.3876673311183698, 0.05064932516021314, -0.523690449425187, -0.9469470920401817, -0.8492699653427638, 0.7077606491343227, -0.4965636813290055, 0.9816521611535478, 0.5289615904865259, 0.7342179751734448, -0.707629644853631, -0.9261196547751889, 0.18870124682623501, 0.5001284878792109, -0.9435079860061728, 0.17440125299273324, -0.4829084660687901, 0.9921257601063214, 0.51329987108091, -0.06228267501132745, -0.6331631966580689], 'fitness': (0.9734425756666395,), 'features': (-8.957028, 4.148173)}]","[{'name': '1710162372442-182', 'genom': [-0.22606039473791784, 0.14146190799081948, -0.16172213678646452, -0.10431105839682187, -0.5183304263499828, -0.4849918099684971, -0.06001133315351059, -0.3130691020644547, 0.009514478003263438, 0.04248202820957725, -0.022499381589921708, -0.7015109340983179, -0.5775849898412282, -0.3667800637942924, 0.9553955488368111, 0.06996832176904433, -0.13582668027830946, 0.13503394962299442, 0.3908989799843767, -0.9644727607691999, -0.7111856932918967, -0.7439080231552568, -0.7691926544243735, 0.5435590238779482, -0.30406553439049877, 0.419230619822756, 0.9537408559672682, 0.9618750120197546, 0.8169029005443651, -0.8610855192445135, 0.6340105561757066, 0.14646631629660134, -0.29734175404719254, 0.5283314956808711, -0.2446859339787275, 0.7986867326283271], 'fitness': (0.9029809739854601,), 'features': (-8.193822, 5.4467564)}]","[{'name': '1710162372442-182', 'genom': [-0.22606039473791784, 0.14146190799081948, -0.16172213678646452, -0.06230998285468248, -0.5183304263499828, -0.49024216831643797, -0.06001133315351059, -0.3130691020644547, 0.009514478003263438, 0.04248202820957725, -0.022499381589921708, -0.7015109340983179, -0.5775849898412282, -0.3667800637942924, 0.9553955488368111, 0.06996832176904433, -0.13582668027830946, 0.1290702608336982, 0.3820260174096677, -0.9769825504447964, -0.7111856932918967, -0.7439080231552568, -0.5717092363539975, 0.5248201299047244, -0.30406553439049877, 0.419230619822756, 0.9658942156967112, 0.9618750120197546, 0.8169029005443651, -0.8610855192445135, 0.6340105561757066, 0.14646631629660134, -0.2625162885126726, 0.48528490696319193, -0.2470917935222834, 0.5029524313675069], 'fitness': (0.674131202697754,), 'features': (-8.746584, 6.477436)}]","[{'name': '1710162372442-182', 'genom': [-0.22606039473791784, 0.14146190799081948, -0.16172213678646452, -0.10431105839682187, -0.4617551699700728, -0.49024216831643797, -0.06001133315351059, -0.3130691020644547, 0.004190699937506537, 0.04248202820957725, -0.022499381589921708, -0.7015109340983179, -0.5775849898412282, -0.3667800637942924, 0.9553955488368111, 0.06996832176904433, -0.13582668027830946, 0.1297348935715179, 0.3820260174096677, -0.9769825504447964, -0.6606912861291774, -0.7439080231552568, -0.5717092363539975, 0.5248201299047244, -0.30406553439049877, 0.419230619822756, 0.9537408559672682, 0.9618750120197546, 0.8169029005443651, -0.8610855192445135, 0.6340105561757066, 0.14646631629660134, -0.2625162885126726, 0.5283314956808711, -0.2446859339787275, 0.48176536725309616], 'fitness': (0.686239030626085,), 'features': (-8.338883, 7.164459)}]","[{'name': '1710164414293-726', 'genom': [-0.5274553847687575, 0.15493212625768193, 0.8869093472644203, -0.2978556798461953, 0.5450450620825278, 0.5120166813829987, -0.6755288856016408, 0.74690501093158, 0.4807954396555887, -0.32233403351642687, -0.638529484123814, -0.47203221689083485, 0.977661759898705, -0.17413227114952523, -0.9773404298183663, 0.8018970561838166, 0.2879152276202408, 0.8266931726779227, 0.9090158258120884, 0.9957186629128532, -0.9436826459242766, -0.19864436694308973, 0.6562664537535148, -0.45593239730438384, 0.9001339653498888, 0.5364224044548156, 0.2942769822263527, 0.8240236857227192, 0.8932127723223515, -0.24030526891864268, 0.40886961904437324, 0.39381812423572127, 0.9698307333551555, -0.35548768894076055, 0.6553409284311014, 0.41188618512011166], 'fitness': (0.8515815311008029,), 'features': (-8.919233, 8.704348)}]","[{'name': '1710162372442-182', 'genom': [-0.23358767928059598, 0.17692507454546025, -0.11501054962698887, -0.04610761664295615, -0.27320298023308487, -0.4448903022229951, -0.09691653249642718, -0.3130691020644547, -0.007604008486667757, 0.04248202820957725, 0.057944007436288913, -0.7722696034457623, -0.5721602441264877, -0.3773674013854962, 0.9553955488368111, 0.09228486936192071, -0.11126688874490842, 0.16198124325827945, 0.08378359303331573, -0.9614037177947221, -0.6846852556307441, -0.6914620658533879, -0.3653410817961269, 0.6066907415691127, -0.09626636654815135, 0.5163915867124005, 0.8804280624727168, 0.9775699775009379, 0.7762781405910719, -0.7597863805501506, 0.6585120421227102, 0.0654795286268477, -0.10060793718345518, 0.5858661045652716, -0.31177019553018614, 0.06728693879834369], 'fitness': (0.42708146837022565,), 'features': (-8.733317, 9.040195)}]"
2,[],"[{'name': '1710182935879-5611', 'genom': [-0.8853836198019942, -0.6046932810341885, 0.15819994814398175, 0.7152229680672091, 0.6630908901043371, -0.2093318646594533, 0.42886291054881487, 0.566198861050204, -0.22519869137667103, 0.419524099472079, -0.3463011794268982, 0.20549475533328954, 0.1108141666658713, -0.3867450346123871, -0.1636401033758632, 0.864183431281984, 0.3143617637845857, 0.5003976091391169, -0.7796444858825895, -0.6831302915478172, -0.7801249573036362, -0.9884834985342357, 0.51929465624056, 0.7235118505281806, -0.7092336047538119, -0.48601807594404556, -0.3394841920571112, -0.2924461354260208, -0.15757115481062622, 0.24442393225219616, 0.6701093004130487, -0.10608716548561459, 0.931577811251479, -0.2857204705229692, 0.10931900954955509, 0.3078478708545789], 'fitness': (0.6377227783203125,), 'features': (-7.438604, -8.516733)}]","[{'name': '1710162079520-108', 'genom': [-0.9428102454507521, 0.032253147043270314, -0.6787332031872655, 0.45652478177652145, 0.14880771187067832, 0.4055456463510303, -0.06700964173031276, 0.41519213103967223, -0.5205573225661249, 0.19383505979324012, 0.9802331040738474, -0.48530169963866765, -0.4702746804793303, 0.3331338895257383, 0.7658104846467362, 0.03315463060741575, 0.3469990549833559, 0.3501504173793948, 0.8079260178618233, 0.7024360208551563, 0.22909014709518538, 0.8319987710263743, 0.3327193079455346, 0.6991094616765343, -0.6706853597327627, 0.2299252994927572, -0.5898542349004565, -0.5940881060629759, 0.7144237145753691, 0.721915722243536, -0.6774289722673505, 0.27310681045999674, 0.07142958708882086, -0.23983905740836708, 0.6422687830107063, -0.8474721826844787], 'fitness': (0.7899707158406575,), 'features': (-7.3048816, -7.769104)}]","[{'name': '1710182935879-5611', 'genom': [-0.8853836198019942, -0.6046932810341885, 0.08088589787035927, 0.7152229680672091, 0.6967850856024491, -0.18795920972562352, 0.6520525099075847, 0.566198861050204, -0.22519869137667103, 0.419524099472079, -0.3463011794268982, 0.21739385782655107, 0.1108141666658713, -0.4998064245780276, -0.07971060543315445, 0.864183431281984, 0.3143617637845857, 0.5003976091391169, -0.722768401724512, -0.6831302915478172, -0.7801249573036362, -0.9884834985342357, 0.51929465624056, 0.6587196488762797, -0.8335523669416718, -0.5290376762988478, -0.38035876765072696, -0.2924461354260208, -0.15757115481062622, 0.24442393225219616, 0.7948391596636968, -0.10608716548561459, 0.931577811251479, -0.2857204705229692, 0.10931900954955509, 0.3078478708545789], 'fitness': (0.6460976494683159,), 'features': (-7.986707, -6.2020392)}]","[{'name': '1710165480048-1011', 'genom': [-0.7496136004965217, 0.82854051504064, 0.16346207366365295, 0.6213239102043211, 0.9874126089857875, -0.9610645780659686, -0.5866979806251369, 0.29688472916199005, 0.17235601011991508, -0.2915685894302589, -0.08908976266394841, -0.4488799466369078, 0.25265427566911036, 0.8298622268488596, 0.955366911980505, 0.5316508087151852, -0.13455450877371256, -0.7885009593345089, 0.8236281218093553, -0.75664886494615, -0.10591634935594119, 0.20583118385292565, 0.318918301498605, 0.5288322960274785, 0.9599735698303358, -0.8418243121595319, 0.5675171435702477, 0.7669048333171955, 0.12188200719947839, 0.998065477098437, 0.8993822628127974, 0.13385581328064267, -0.5166154385008384, -0.17648913624774276, 0.07057230603032338, 0.19679662207911708], 'fitness': (0.9929053677452935,), 'features': (-7.505282, -5.743705)}]","[{'name': '1710180719810-5029', 'genom': [-0.9901088830493359, -0.6205801542175049, -0.7524279712315323, -0.33325829175237476, -0.5850793224154427, -0.6616440905800001, -0.176224887631806, 0.31602826812070495, -0.6784708145122338, -0.5377998653847214, -0.4412364732814018, -0.2738302039081846, 0.1818418289645356, 0.38578518132557926, 0.4840369491364058, -0.5289798735477271, 0.34771496263407276, 0.21164763686253818, 0.24916351024229666, 0.41264419079490167, 0.7986530869767543, 0.3673288631244538, -0.7676972654417238, -0.27042104077582674, -0.2392962716412681, 0.8577476168042828, 0.1468776562321028, 0.2365616279279501, 0.6952791915083434, 0.04453276133550088, 0.5311649064731656, -0.28965985838550323, -0.8615634163860404, -0.13508461426131868, 0.1658786371065164, -0.0287863002211326], 'fitness': (0.8633682674831814,), 'features': (-7.4559445, -4.7565403)}]","[{'name': '1710162876505-325', 'genom': [-0.5331883263300352, 0.7825006677368818, 0.16458827616613747, -0.21980261027550396, -0.4343243845048701, -0.27487546812104435, 0.9932264414354421, 0.8312574891192135, -0.09836055042311087, -0.10725569365109133, 0.4940217845488222, 0.8031396575233289, 0.6738667010523938, 0.8239504821763566, 0.2881195604501525, -0.5786274983955113, 0.15479430990254417, -0.1473385484288685, 0.3260586719836953, 0.5656891999794722, -0.2108640248658058, 0.7684011427382023, -0.011551164462623387, 0.9989355811426381, 0.369786085940931, 0.10268704283683983, 0.7841303339804395, -0.19089070857887136, 0.12632252605169625, 0.4821107164351863, -0.8448551520849228, 0.4938414223462233, 0.5000391498236052, -0.03606610619354633, -0.4240434006491358, -0.10625319632191887], 'fitness': (0.970448785358005,), 'features': (-7.4912605, -3.0729036)}]","[{'name': '1710164449505-735', 'genom': [-0.903773704638936, 0.8269663671622156, 0.4830035080643318, -0.6524619819953619, -0.79387013013356, -0.2565815640662368, -0.3390721994894983, 0.8810818756965844, -0.71622601247603, -0.2739852564071925, -0.2168175369197396, -0.7574857665573387, -0.6826265474668562, 0.44068292439378776, 0.02199250694259236, 0.7323632488490761, -0.0011900543407665776, -0.44499024259072795, -0.6641932630108796, -0.866936252746279, -0.6646755829807003, -0.5802055676837057, -0.2812098812025903, -0.03434828148823921, 0.2387340007652834, 0.06203005833931474, -0.6184656611282613, -0.5104455832382648, 0.5800879197100148, -0.08242361088588823, 0.5027366109968814, -0.060759989701487216, 0.8796669569963818, -0.6147139158941257, 0.2151449188412915, -0.7205406936360388], 'fitness': (0.9538463645511204,), 'features': (-7.0308194, -2.1014824)}]","[{'name': '1710174181705-3308', 'genom': [-0.1207346456167353, -0.7554702861900713, -0.7496726581697921, 0.7050903266809967, 0.5555133558381131, -0.9257042554386392, -0.41925421355484627, 0.9692566186828595, -0.01483770530089945, 0.4977887506491132, -0.42591721152704354, 0.4448720236974082, 0.09253152320628422, 0.8196350458313202, 0.08725185090206655, -0.3876673311183698, 0.05064932516021314, -0.6087290158393088, -0.9173344618431769, -0.9755987394480028, 0.6939536962883441, -0.4965636813290055, 0.7767831405816645, 0.5578102394261373, 0.29834093564149744, -0.9214953165447017, -0.831873475503917, 0.09866749067521186, 0.3740466062487917, -0.9435079860061728, -0.04967800711782577, -0.521345381361642, 0.9850591345588009, 0.5456295913580376, -0.14322024359474206, -0.6331631966580689], 'fitness': (0.9870629734463162,), 'features': (-7.138458, -1.4348856)}]","[{'name': '1710164449505-735', 'genom': [-0.903773704638936, 0.8269663671622156, 0.4830035080643318, -0.6524619819953619, -0.8961526909837454, -0.15816609548543337, -0.3390721994894983, 0.8810818756965844, -0.71622601247603, -0.2739852564071925, -0.35371634147277087, -0.7574857665573387, -0.6826265474668562, 0.44068292439378776, 0.02199250694259236, 0.7323632488490761, -0.0011900543407665776, -0.44499024259072795, -0.6641932630108796, -0.694604143518389, -0.8365531720199335, -0.4397923772964458, -0.4183391506344205, 0.0554078409787544, 0.2387340007652834, 0.06203005833931474, -0.6184656611282613, -0.5104455832382648, 0.5800879197100148, -0.034206444263442215, 0.2923720865372028, -0.09062989918257247, 0.8796669569963818, -0.6147139158941257, 0.2151449188412915, -0.6470396352231058], 'fitness': (0.9356078465779623,), 'features': (-7.6489625, -0.55602694)}]","[{'name': '1710162596942-241', 'genom': [0.17504051126518538, -0.967339873784236, 0.3095517985290428, -0.5186834478669704, -0.42284208435195425, -0.5298650660612119, -0.6078226531111213, 0.9782009807965379, 0.22175820091845022, 0.8934625345949612, -0.6099731403863771, 0.6362349298074479, -0.6458795286094079, -0.15541621734574895, -0.6263741848407043, -0.47035072486568286, 0.2981454906038441, 0.6063402607443855, 0.16226704857446173, -0.4958509457610243, -0.7486384882514461, -0.39697044025298234, 0.796387213322373, -0.5940999504806366, 0.3972566150773049, 0.8379955610365726, 0.08349578523155632, 0.1539692997829225, 0.45159981628917234, 0.012650521819177918, 0.9923349630544982, -0.39568075679711723, 0.9422153282042274, 0.724879730871959, 0.33405672164926004, -0.30371255698484134], 'fitness': (0.9529774983723959,), 'features': (-7.191996, 0.8071408)}]","[{'name': '1710174181705-3308', 'genom': [-0.1207346456167353, -0.7197333368639522, -0.5838760773116252, 0.7833183930161496, 0.6931039691708365, -0.9078097578740425, -0.41925421355484627, 0.7994995188992451, -0.09976104611852343, 0.3603379537684841, -0.46202924969805736, 0.26685818122127536, 0.42773492121270773, 0.8804138293901671, 0.08725185090206655, -0.3876673311183698, 0.05064932516021314, -0.5166772615820918, -0.7679226876407859, -0.9650386058582368, 0.45928413854218153, -0.4965636813290055, 0.7767831405816645, 0.5289615904865259, 0.5442378267592183, -0.7828486720247727, -0.9667001344252262, 0.18870124682623501, 0.21127340923354532, -0.9435079860061728, 0.15779076289854244, -0.43774205533220534, 0.9911121434455983, 0.6332300772667794, -0.14322024359474206, -0.6331631966580689], 'fitness': (0.8830856853061252,), 'features': (-7.8431463, 1.2344257)}]","[{'name': '1710174181705-3308', 'genom': [-0.03942124954856774, -0.7554702861900713, -0.5106450715662603, 0.7050903266809967, 0.5946546157324455, -0.9160372600521629, -0.41925421355484627, 0.7592667756221869, -0.12442948760488703, 0.3506589616435125, -0.42591721152704354, 0.32807990545702825, 0.43735353821806955, 0.8804138293901671, 0.08725185090206655, -0.3876673311183698, 0.05064932516021314, -0.5166772615820918, -0.7679226876407859, -0.9755987394480028, 0.6611704412756614, -0.4965636813290055, 0.7767831405816645, 0.5578102394261373, 0.5092260996112121, -0.8045364829680133, -0.9454837027025436, 0.22493029165067857, 0.21127340923354532, -0.9435079860061728, 0.15779076289854244, -0.4829084660687901, 0.9850591345588009, 0.6332300772667794, -0.14322024359474206, -0.6331631966580689], 'fitness': (0.9398103025224473,), 'features': (-7.8577476, 2.131921)}]","[{'name': '1710162596942-241', 'genom': [0.17504051126518538, -0.9382847390846387, 0.5752937051050298, -0.7020127965365368, -0.42284208435195425, -0.5298650660612119, -0.6078226531111213, 0.9782009807965379, 0.22175820091845022, 0.8934625345949612, -0.6099731403863771, 0.6362349298074479, -0.6458795286094079, -0.15541621734574895, -0.6263741848407043, -0.47035072486568286, 0.2981454906038441, 0.6063402607443855, 0.16226704857446173, -0.26805664691232267, -0.7486384882514461, -0.39697044025298234, 0.796387213322373, -0.5940999504806366, 0.3972566150773049, 0.8379955610365726, 0.08349578523155632, 0.1539692997829225, 0.45159981628917234, 0.012650521819177918, 0.9923349630544982, -0.39568075679711723, 0.9422153282042274, 0.724879730871959, 0.33405672164926004, -0.30371255698484134], 'fitness': (0.962822765774197,), 'features': (-7.887689, 3.9852204)}]","[{'name': '1710162596942-241', 'genom': [0.17504051126518538, -0.9382847390846387, 0.5752937051050298, -0.6689968694697759, -0.42284208435195425, -0.5298650660612119, -0.6078226531111213, 0.9825848207130694, 0.22175820091845022, 0.8934625345949612, -0.6099731403863771, 0.6362349298074479, -0.6458795286094079, -0.15541621734574895, -0.6263741848407043, -0.47035072486568286, 0.33060836168070384, 0.6063402607443855, 0.16226704857446173, -0.26805664691232267, -0.4868883135712476, -0.39697044025298234, 0.7714602552934668, -0.5940999504806366, 0.3972566150773049, 0.8379955610365726, 0.1061821394625242, 0.1539692997829225, 0.45159981628917234, 0.012650521819177918, 0.9923349630544982, -0.39568075679711723, 0.9422153282042274, 0.724879730871959, 0.33405672164926004, -0.30371255698484134], 'fitness': (0.9289431571960449,), 'features': (-7.4533668, 4.238752)}]","[{'name': '1710164414293-726', 'genom': [-0.5274553847687575, 0.15493212625768193, 0.8869093472644203, -0.2978556798461953, 0.5450450620825278, 0.5120166813829987, -0.6755288856016408, 0.74690501093158, 0.4807954396555887, -0.32233403351642687, -0.36474001732008343, -0.47203221689083485, 0.977661759898705, -0.17413227114952523, -0.9773404298183663, 0.7161763689265175, 0.2879152276202408, 0.8266931726779227, 0.9090158258120884, 0.9957186629128532, -0.3646856832352954, -0.19864436694308973, 0.6562664537535148, -0.45593239730438384, 0.681948709981546, 0.5364224044548156, 0.4564899707133645, 0.8240236857227192, 0.8932127723223515, -0.24030526891864268, 0.40886961904437324, 0.39381812423572127, 0.9698307333551555, -0.35548768894076055, 0.3832618444224065, 0.41188618512011166], 'fitness': (0.6912973192003038,), 'features': (-7.8248177, 5.9619274)}]","[{'name': '1710185605554-6314', 'genom': [0.34129302739186773, 0.19825998364043684, -0.16653008782852963, 0.7648974305369642, -0.4534453867115886, 0.1666010085415377, 0.09321126611914043, 0.20994604742259426, -0.9029934256832519, 0.13040637661607746, 0.15058266554454325, -0.909890499724022, -0.6912261702417895, -0.9604713790315258, 0.21247916391360389, -0.2057984813678677, 0.33495149084398235, 0.8794657447626764, 0.9160609033712095, -0.9326857911628994, 0.5887449833684304, -0.530390675708523, 0.29694066968850064, -0.03779930678761545, 0.23002604263205462, 0.05250953596656549, -0.02162437260830652, -0.8543173913429778, -0.6281314288971742, 0.7267840413637887, 0.9994066123908836, -0.9580639324651989, -0.6508081628247779, 0.3064162676300657, 0.07101945400289011, -0.4291713078628361], 'fitness': (0.7401457256740993,), 'features': (-7.1693783, 6.09309)}]","[{'name': '1710162596942-241', 'genom': [0.22697762039630986, -0.9697543634088979, 0.5742003167405505, -0.5987091057503753, -0.42284208435195425, -0.5298650660612119, -0.6274568846663133, 0.9782009807965379, 0.27792696288832563, 0.9867582707690061, -0.6099731403863771, 0.6362349298074479, -0.6458795286094079, -0.15541621734574895, -0.5876600969493078, -0.6640616760746227, 0.2981454906038441, 0.516973180057078, 0.32512806703696095, -0.31379979595504803, -0.7486384882514461, -0.4198872849903703, 0.796387213322373, -0.5940999504806366, 0.2962467450803614, 0.8252489342381752, 0.08349578523155632, 0.2306173804328535, 0.29633091050295524, 0.012650521819177918, 0.9923349630544982, -0.39568075679711723, 0.6524517791103777, 0.724879730871959, 0.33405672164926004, -0.2695308570366475], 'fitness': (0.8848810831705729,), 'features': (-7.4044952, 7.0309663)}]","[{'name': '1710162372442-182', 'genom': [-0.23358767928059598, 0.17692507454546025, -0.11501054962698887, -0.1039207018858106, -0.14098272155154778, -0.4448903022229951, -0.09691653249642718, -0.3130691020644547, -0.007604008486667757, 0.04248202820957725, 0.057944007436288913, -0.7191353923603394, -0.5721602441264877, -0.3773674013854962, 0.9553955488368111, 0.09228486936192071, -0.14012624767133186, 0.11993543991556077, 0.08378359303331573, -0.9754194231308515, -0.6411526734228306, -0.6914620658533879, -0.3653410817961269, 0.5895427566444678, -0.17352665396548206, 0.41674975458715857, 0.9074457496439536, 0.9775699775009379, 0.8689761250741341, -0.7876935410362274, 0.6585120421227102, 0.0654795286268477, -0.2625162885126726, 0.5858661045652716, -0.31177019553018614, 0.33916588695013083], 'fitness': (0.47252646552191835,), 'features': (-7.348025, 8.653617)}]","[{'name': '1710162372442-182', 'genom': [-0.22606039473791784, 0.14146190799081948, -0.33935773633498134, -0.10431105839682187, -0.18373289109160051, -0.49024216831643797, -0.06001133315351059, -0.3130691020644547, 0.002877403478612983, 0.04248202820957725, -0.022499381589921708, -0.7015109340983179, -0.5775849898412282, -0.3667800637942924, 0.9553955488368111, 0.06996832176904433, -0.0666657947394953, 0.1297348935715179, 0.5814091213066239, -0.9657978052398126, -0.7111856932918967, -0.7439080231552568, -0.5717092363539975, 0.5248201299047244, -0.30406553439049877, 0.2752769053555646, 0.9742196276563966, 0.9618750120197546, 0.8169029005443651, -0.8610855192445135, 0.6340105561757066, 0.14646631629660134, -0.2816593088055399, 0.5283314956808711, -0.2446859339787275, 0.5029524313675069], 'fitness': (0.6507654613918727,), 'features': (-7.2108307, 9.15043)}]"
3,"[{'name': '1710162079520-108', 'genom': [-0.9428102454507521, 0.005691222411394969, -0.7109989355289343, 0.679782710224313, 0.09492831529076051, 0.4445032236924771, 0.12938579943395734, 0.41519213103967223, -0.6973277555052952, 0.018992962124192436, 0.9758926904367384, -0.48530169963866765, -0.3742206930994716, 0.3331338895257383, 0.7658104846467362, 0.035118852656443655, 0.3469990549833559, 0.3501504173793948, 0.7078364747015111, 0.5586243219840297, 0.22909014709518538, 0.8319987710263743, 0.49046613549124274, 0.5569711631129521, -0.6706853597327627, 0.2444838746866156, -0.5898542349004565, -0.5585371292939953, 0.7081892155350795, 0.6519705196830277, -0.6189637849098004, -0.11583058955099368, 0.07142958708882086, 0.11250591940670795, 0.9832724722777517, -0.747434985455028], 'fitness': (0.8910579363505046,), 'features': (-6.5787287, -9.870301)}]","[{'name': '1710162079520-108', 'genom': [-0.9428102454507521, -0.10136529237438063, -0.6787332031872655, 0.43709109330599194, 0.14880771187067832, 0.4055456463510303, -0.06700964173031276, 0.41519213103967223, -0.4597039578045117, 0.19383505979324012, 0.9802331040738474, -0.48530169963866765, -0.4702746804793303, 0.33893444330554456, 0.7160451828586221, -0.029254289671861722, 0.40042480494147004, 0.3501504173793948, 0.8411465794867199, 0.7024360208551563, 0.5038733386100249, 0.8163766775285941, 0.3794856586812476, 0.6155919453144953, -0.6577654030940061, 0.2299252994927572, -0.653738708722905, -0.5940881060629759, 0.7144237145753691, 0.8216742741362986, -0.9060985686722305, 0.27310681045999674, 0.07142958708882086, -0.23983905740836708, 0.6422687830107063, -0.8474721826844787], 'fitness': (0.8504501872592503,), 'features': (-6.3586693, -8.176769)}]","[{'name': '1710161753639-26', 'genom': [0.03208130291661204, -0.5910914859031748, 0.7431947815925912, -0.41252284437317077, -0.4044033632623092, 0.2691114520705291, 0.7098267796699418, -0.09394266408838114, -0.07364822845480923, -0.4904548964022104, -0.08484668954992669, -0.9611444871818491, -0.3465429858549507, 0.22815086501105974, -0.1964672377335972, -0.49586274284876075, 0.7087380495335165, 0.21882557916804246, -0.10542387182819479, -0.11597671146191857, -0.3182729823433734, 0.4965910914573035, -0.09489982361694338, 0.8009672428820929, -0.5743270355214463, -0.398510463654389, -0.34396389609596567, -0.8687574913324771, 0.22209587292905142, -0.46750691051384496, 0.9454231945870242, -0.41854377786491903, -0.44534912320377384, -0.5869309326595171, -0.3047770541554147, 0.8397764900928539], 'fitness': (0.7595010969373914,), 'features': (-6.2978916, -7.471831)}]","[{'name': '1710180719810-5029', 'genom': [-0.9901088830493359, -0.6205801542175049, -0.7582542871068119, -0.5661754366998757, -0.5850793224154427, -0.6616440905800001, -0.24902955563143858, 0.0811627928148555, -0.6784708145122338, -0.5377998653847214, -0.4412364732814018, -0.4110843469709957, 0.1818418289645356, 0.38578518132557926, 0.4840369491364058, -0.6706571755045316, 0.34771496263407276, 0.21164763686253818, 0.24916351024229666, 0.41264419079490167, 0.7625525646994953, 0.019222212816605744, -0.7676972654417238, -0.27042104077582674, -0.14883552943799172, 0.8577476168042828, 0.1468776562321028, 0.2365616279279501, 0.6952791915083434, 0.04453276133550088, 0.5311649064731656, -0.28965985838550323, -0.8615634163860404, -0.13508461426131868, 0.11208626844451275, -0.0287863002211326], 'fitness': (0.9492961989508735,), 'features': (-6.8542757, -6.05196)}]","[{'name': '1710165480048-1011', 'genom': [-0.7496136004965217, 0.82854051504064, 0.16346207366365295, 0.6213239102043211, 0.9874126089857875, -0.9610645780659686, -0.5866979806251369, 0.29688472916199005, 0.17235601011991508, -0.2915685894302589, -0.08908976266394841, -0.4488799466369078, 0.25265427566911036, 0.8298622268488596, 0.955366911980505, 0.5316508087151852, -0.13937110434291577, -0.7885009593345089, 0.8236281218093553, -0.7140816323611738, -0.10591634935594119, 0.20583118385292565, 0.318918301498605, 0.5288322960274785, 0.9599735698303358, -0.8418243121595319, 0.5675171435702477, 0.7669048333171955, 0.12188200719947839, 0.9898669803544895, 0.8993822628127974, 0.13385581328064267, -0.5166154385008384, -0.17648913624774276, 0.07057230603032338, 0.19679662207911708], 'fitness': (0.9962960693571302,), 'features': (-6.96206, -5.7468066)}]","[{'name': '1710165480048-1011', 'genom': [-0.7496136004965217, 0.7446756562639278, 0.16346207366365295, 0.6038322226332768, 0.965099948009857, -0.9114578672738418, -0.695398183216108, 0.28065273239720145, -0.2633757263934071, -0.26367057730254895, -0.08908976266394841, -0.4488799466369078, 0.25265427566911036, 0.8495667384525463, 0.955366911980505, 0.5254130183036965, -0.13937110434291577, -0.6761228277378095, 0.6067747094039884, -0.7544497018328007, -0.10591634935594119, 0.20583118385292565, 0.318918301498605, 0.5020091575015249, 0.9599735698303358, -0.8418243121595319, 0.5602312255984994, 0.7669048333171955, 0.12188200719947839, 0.9628327399567649, 0.884361996918239, 0.13385581328064267, -0.4851881330296153, -0.17648913624774276, 0.04289433600166692, 0.4057529998066607], 'fitness': (0.9969938642448849,), 'features': (-6.89999, -4.151777)}]","[{'name': '1710165480048-1011', 'genom': [-0.7496136004965217, 0.7446756562639278, 0.16346207366365295, 0.6038322226332768, 0.9874126089857875, -0.9125441705484671, -0.5111644728072988, 0.29688472916199005, 0.17235601011991508, -0.2694618529283712, -0.08908976266394841, -0.4488799466369078, 0.25265427566911036, 0.8495667384525463, 0.955366911980505, 0.5316508087151852, -0.13937110434291577, -0.6141258387442097, 0.6067747094039884, -0.6921450328042391, -0.10591634935594119, 0.20583118385292565, 0.318918301498605, 0.5288322960274785, 0.9599735698303358, -0.8418243121595319, 0.5741324268832695, 0.7669048333171955, 0.12188200719947839, 0.9628327399567649, 0.884361996918239, 0.13385581328064267, -0.5166154385008384, -0.17648913624774276, 0.07057230603032338, 0.19679662207911708], 'fitness': (0.997553390926785,), 'features': (-6.7880654, -3.7286332)}]","[{'name': '1710167821910-1623', 'genom': [0.11375709363190434, 0.12186572835153964, -0.947874944021067, 0.8361889217117118, -0.13281103212345502, -0.3884450779584476, 0.05491795383770337, -0.22454476472649798, -0.7575510908983976, -0.11485251562212961, -0.9774857439305427, -0.15087682588204565, 0.3678509392164062, -0.23538927687192168, 0.12741142326916366, -0.15896100858836282, -0.12686501642528136, -0.9272376652157086, -0.8811071803779089, 0.4599116544898747, 0.3606864481444767, -0.7992398972589612, 0.7246373233866237, -0.39384036585876103, 0.9833217504179026, 0.3458933660752159, -0.3324036974778206, 0.9803303448829839, -0.6586964804706126, 0.12257270999506331, -0.8661851284851716, -0.953225941872982, 0.15536265609844868, -0.837511840564064, 0.4914195256663123, 0.8839852621479036], 'fitness': (0.994529601600435,), 'features': (-6.7662606, -2.277516)}]","[{'name': '1710167821910-1623', 'genom': [0.11375709363190434, 0.12186572835153964, -0.9013625908683967, 0.8632810761206087, -0.014524313190589666, -0.44380579869322045, -0.1958218455994698, -0.22454476472649798, -0.7575510908983976, 0.10117230248426501, -0.9774857439305427, -0.10753881193105697, 0.37767448434165884, -0.09178011418357501, 0.11351972207525529, -0.15896100858836282, 0.0010593546471806548, -0.9272376652157086, -0.8283804135619259, 0.5343298262270042, 0.3606864481444767, -0.8334836292232992, 0.5765392292459497, -0.39384036585876103, 0.9833217504179026, 0.3458933660752159, -0.32608048508139253, 0.9803303448829839, -0.6586964804706126, 0.22511387904306024, -0.8661851284851716, -0.953225941872982, 0.15536265609844868, -0.8138219523973582, 0.4442119264982074, 0.8839852621479036], 'fitness': (0.9826164139641655,), 'features': (-6.57538, -1.842686)}]","[{'name': '1710164602695-774', 'genom': [0.10774803067040217, 0.5211011627438142, 0.46395699940433066, 0.542691393682617, -0.9673268240766535, -0.7017019130080437, 0.2729340728472043, -0.6539552313869015, 0.8640321648681604, 0.7381399719463755, -0.2797436440573684, 0.5026654056934405, 0.23428492655422195, -0.04147270134422554, 0.7935227720567155, -0.2807143891983863, -0.4198107808678029, 0.15795299639832328, -0.07365726799501338, -0.21906516966854506, 0.5349499398738049, 0.6561334120024793, -0.0655040100241131, 0.9253723198808992, -0.2082973762113136, -0.13640609716116914, -0.7773827538035163, 0.9484005402200242, 0.3398819813121323, 0.4643962213550974, 0.9167168997045345, -0.9461417572284936, 0.3015044642408484, 0.9727989694661707, 0.3227349852796655, -0.7381458022390672], 'fitness': (0.9547299279106988,), 'features': (-6.2949324, -0.8336389)}]","[{'name': '1710167821910-1623', 'genom': [0.11375709363190434, 0.12186572835153964, -0.947874944021067, 0.8361889217117118, -0.13281103212345502, -0.3884450779584476, 0.05491795383770337, -0.24738479138893754, -0.7575510908983976, -0.11485251562212961, -0.9774857439305427, -0.15087682588204565, 0.1754113239848225, -0.23538927687192168, 0.15917063885415095, -0.2867511063800494, -0.12686501642528136, -0.9272376652157086, -0.8283804135619259, 0.4599116544898747, 0.33622441264103786, -0.7885492625590083, 0.7128246478045179, -0.39384036585876103, 0.9833217504179026, 0.3458933660752159, -0.33126435923426567, 0.759877895283775, -0.6586964804706126, 0.12257270999506331, -0.9980838344621465, -0.953225941872982, 0.15536265609844868, -0.822897125439805, 0.5263698906092962, 0.8839852621479036], 'fitness': (0.8635814136928982,), 'features': (-6.7223167, 0.011321485)}]","[{'name': '1710162596942-241', 'genom': [0.17504051126518538, -0.9697543634088979, 0.6208377993360168, -0.5267542599282338, -0.42284208435195425, -0.19992264219009703, -0.5877464606926792, 0.9612775327306773, 0.27792696288832563, 0.8921042003608965, -0.5777704658288558, 0.6362349298074479, -0.8030100944942187, -0.15541621734574895, -0.6263741848407043, -0.23922970054613368, 0.20838045187611254, 0.6063402607443855, 0.16226704857446173, -0.2704644016930684, -0.7486384882514461, -0.3867308067869155, 0.796387213322373, -0.5940999504806366, 0.482295292066371, 0.8379955610365726, 0.08349578523155632, 0.1539692997829225, 0.45159981628917234, 0.008871087278098377, 0.9923349630544982, -0.45719625130176955, 0.9422153282042274, 0.8648158862270887, 0.348980778863786, -0.2695308570366475], 'fitness': (0.9336066775851779,), 'features': (-6.389493, 1.9207928)}]","[{'name': '1710162596942-241', 'genom': [0.17504051126518538, -0.9697543634088979, 0.6208377993360168, -0.4743398570584674, -0.42284208435195425, -0.5298650660612119, -0.5877464606926792, 0.9753197993477134, 0.27792696288832563, 0.8921042003608965, -0.5777704658288558, 0.6362349298074479, -0.8030100944942187, -0.15541621734574895, -0.6263741848407043, -0.47035072486568286, 0.2981454906038441, 0.6063402607443855, 0.16226704857446173, -0.2704644016930684, -0.7486384882514461, -0.3867308067869155, 0.796387213322373, -0.5940999504806366, 0.482295292066371, 0.8379955610365726, 0.08349578523155632, 0.1539692997829225, 0.45159981628917234, 0.012650521819177918, 0.9923349630544982, -0.45719625130176955, 0.9422153282042274, 0.8023748938482085, 0.348980778863786, -0.2695308570366475], 'fitness': (0.9831263767348395,), 'features': (-6.67962, 2.4596534)}]","[{'name': '1710167322666-1497', 'genom': [0.048346217365834665, 0.5694544038022418, 0.8737456459703312, 0.5560389641621171, -0.39150443555954406, -0.5990197520210923, 0.8220309268519748, -0.5560263050099308, -0.21993809799275943, 0.411579769017429, -0.9697418471411727, 0.9458483586702977, 0.48563293344762526, -0.2107521493428417, 0.9535505644833788, -0.7461581119891836, 0.8687081513971979, -0.4286332071378429, 0.16260935630831774, 0.7871028693046878, -0.16309800109996075, -0.2271770973379892, -0.5508027873858319, -0.866443348409986, 0.44065734497174414, 0.556489556241627, 0.4083380095984155, -0.044035907096173776, -0.11753326335944081, 0.5150678835131861, 0.7908049740208254, 0.05687038669572231, 0.9308633311537766, -0.7868288748780166, -0.7529213478277819, -0.1984366618918718], 'fitness': (0.9876057465871175,), 'features': (-6.632507, 3.0073075)}]","[{'name': '1710164414293-726', 'genom': [-0.4907543675446484, 0.15493212625768193, 0.9070544096854427, -0.3446064124098436, 0.699507775113321, 0.4905031904794197, -0.6622248303614668, 0.7166522831725854, 0.4974864319499086, -0.32233403351642687, -0.7850102074325371, -0.34596701359070137, 0.5789574558799107, -0.17413227114952523, -0.9773404298183663, 0.8018970561838166, 0.09978101567581277, 0.5480602031175084, 0.7685877131615777, 0.9957186629128532, -0.8950601602890109, 0.019315344779598176, 0.6922560720114468, -0.457077137974224, 0.8915057254495464, 0.5364224044548156, 0.21757574906786492, 0.8850856713909416, 0.9102812569530492, -0.5386907264824112, 0.23122763496449994, 0.2693948725953228, 0.5459537339233194, -0.652691060314001, 0.711627151575962, 0.4185488926435077], 'fitness': (0.997782438993454,), 'features': (-6.824927, 4.231858)}]","[{'name': '1710164437783-732', 'genom': [-0.9352765991275656, 0.49897896625580684, -0.007438840812697078, 0.46917376727147353, -0.032936113721275584, 0.924017366348761, -0.6687020874861573, -0.8642579180517209, 0.45732578490008247, -0.663900351464225, 0.17441694760565452, -0.4605822684648597, 0.24389073983847132, 0.0929184398694376, -0.30786741998348677, 0.08306922950315188, 0.5797406417524518, 0.651827759782635, 0.9734662445340672, -0.8443904141559013, -0.9552298473321439, -0.8415254240182177, 0.9325290500812773, 0.1597080433792617, -0.5253222040782781, -0.01822213784562776, -0.40176098238129776, 0.7145787416234213, -0.22943849137108496, 0.7245742114791698, 0.05570826170878607, 0.6803187385411713, 0.019048424829783084, 0.3423052745239572, -0.10924177001627444, 0.1284837163090542], 'fitness': (0.7092636108398438,), 'features': (-6.6619086, 5.3532214)}]","[{'name': '1710164653259-787', 'genom': [-0.8075339811442992, 0.6429288777737188, -0.3365970237946776, 0.9263437188315002, 0.4308418644556906, 0.6087088402866649, -0.8882389025298529, -0.06387303269074485, 0.7505886417275967, 0.38755517953098995, -0.9690886747638929, -0.748208879565279, 0.5421221639758784, -0.9881987013853406, 0.9218967634258826, -0.06991379049876456, -0.25965317171977453, -0.633258146682649, 0.8908408572320041, 0.5722751520429938, 0.191167776772877, 0.6289314599420905, -0.35776804131588547, 0.42352026014513, -0.032994909773080616, 0.8399161607034487, -0.2788373678694851, 0.7998139042404209, -0.28310185646330566, 0.8190535767497227, 0.8130085462102665, -0.51468860078939, -0.9995511422548111, -0.7438578354172518, 0.7846875252208254, 0.5587439294065513], 'fitness': (0.9797748141818576,), 'features': (-6.4652696, 6.9907312)}]","[{'name': '1710185605554-6314', 'genom': [0.3545863217150784, 0.17674243482448104, -0.16653008782852963, 0.9477367298276389, -0.4534453867115886, 0.1666010085415377, 0.09321126611914043, 0.20994604742259426, -0.7699486058321408, 0.13040637661607746, 0.16376808729273873, -0.909890499724022, -0.6912261702417895, -0.9788671495065273, 0.10345434202160275, -0.11458861271289167, 0.33495149084398235, 0.8794657447626764, 0.9160609033712095, -0.9821462422771492, 0.8285163092933765, -0.530390675708523, 0.3207637655240292, 0.06203686739834757, 0.23002604263205462, 0.05250953596656549, -0.02162437260830652, -0.8543173913429778, -0.5478696635927238, 0.7267840413637887, 0.8687291050087351, -0.9580639324651989, -0.6508081628247779, 0.3064162676300657, 0.13482565351830145, -0.4291713078628361], 'fitness': (0.8748747931586371,), 'features': (-6.0918555, 7.1141214)}]","[{'name': '1710185605554-6314', 'genom': [0.3545863217150784, 0.19825998364043684, -0.16653008782852963, 0.9477367298276389, -0.4534453867115886, 0.1666010085415377, 0.09321126611914043, 0.20994604742259426, -0.7699486058321408, 0.13040637661607746, 0.15058266554454325, -0.909890499724022, -0.6912261702417895, -0.9788671495065273, 0.21247916391360389, -0.11458861271289167, 0.33495149084398235, 0.8794657447626764, 0.9160609033712095, -0.9326857911628994, 0.7114475545664176, -0.530390675708523, 0.29694066968850064, -0.03779930678761545, 0.23002604263205462, 0.05250953596656549, -0.02162437260830652, -0.8543173913429778, -0.5478696635927238, 0.7267840413637887, 0.8687291050087351, -0.9580639324651989, -0.6508081628247779, 0.3064162676300657, 0.07101945400289011, -0.4291713078628361], 'fitness': (0.804358630710178,), 'features': (-6.5198526, 8.25395)}]","[{'name': '1710162372442-182', 'genom': [-0.23358767928059598, 0.17692507454546025, -0.11501054962698887, -0.04610761664295615, -0.27320298023308487, -0.4448903022229951, -0.09691653249642718, -0.3130691020644547, -0.007604008486667757, 0.04248202820957725, 0.057944007436288913, -0.7015109340983179, -0.5721602441264877, -0.3773674013854962, 0.9553955488368111, 0.09228486936192071, -0.14012624767133186, 0.11993543991556077, 0.08378359303331573, -0.9476852301422152, -0.6411526734228306, -0.6914620658533879, -0.3653410817961269, 0.5895427566444678, -0.09626636654815135, 0.419230619822756, 0.8871986891418042, 0.9775699775009379, 0.7762781405910719, -0.7876935410362274, 0.6585120421227102, 0.0654795286268477, -0.2625162885126726, 0.5858661045652716, -0.31177019553018614, 0.33916588695013083], 'fitness': (0.5046701219346788,), 'features': (-6.7368097, 9.454146)}]"
4,"[{'name': '1710162079520-108', 'genom': [-0.9428102454507521, 0.09568826383930373, -0.7109989355289343, 0.5573603797910762, 0.03398792295016806, 0.6443925583708954, 0.19952094337233128, 0.41519213103967223, -0.7012194169782873, 0.1813634240493891, 0.9802331040738474, -0.48530169963866765, -0.3259813139836445, 0.3331338895257383, 0.7658104846467362, 0.03315463060741575, 0.3469990549833559, 0.3501504173793948, 0.6156240175489414, 0.7024360208551563, 0.22909014709518538, 0.8319987710263743, 0.26518867455302564, 0.7203261494832318, -0.6706853597327627, 0.2299252994927572, -0.5898542349004565, -0.5585371292939953, 0.7081892155350795, 0.6519705196830277, -0.6189637849098004, -0.11583058955099368, 0.07142958708882086, 0.07474675040361278, 0.9832724722777517, -0.747434985455028], 'fitness': (0.9341366238064236,), 'features': (-5.358872, -9.014404)}]","[{'name': '1710162079520-108', 'genom': [-0.9428102454507521, 0.027438894798762048, -0.6787332031872655, 0.45652478177652145, 0.14880771187067832, 0.4055456463510303, -0.06700964173031276, 0.41519213103967223, -0.4597039578045117, 0.19383505979324012, 0.9455591119505595, -0.5812484216809952, -0.4702746804793303, 0.33893444330554456, 0.7658104846467362, -0.05208276564329406, 0.3469990549833559, 0.37101680063672693, 0.8079260178618233, 0.7024360208551563, 0.22909014709518538, 0.8319987710263743, 0.3327193079455346, 0.6991094616765343, -0.6577654030940061, 0.2299252994927572, -0.5898542349004565, -0.5940881060629759, 0.7144237145753691, 0.8216742741362986, -0.6774289722673505, 0.27310681045999674, 0.07142958708882086, -0.23983905740836708, 0.6422687830107063, -0.8474721826844787], 'fitness': (0.9156868775685628,), 'features': (-5.2463374, -8.965065)}]","[{'name': '1710162091566-111', 'genom': [-0.7616581744037385, -0.13618599409734733, -0.6914144264152848, 0.2976838020169803, 0.027616827547338296, -0.3235167550586777, -0.6553798074778538, -0.43198509694120024, -0.33592918178059916, 0.02709407950211129, 0.7982592420026628, 0.8164860652548631, 0.8667578307281008, 0.14653984791659513, -0.516347506108028, 0.05048153563577551, 0.8736227307962086, 0.5455491047242598, -0.014635408423611551, -0.7847610305831922, -0.8133121862971473, 0.12827160977818686, 0.4329932117514297, 0.9957085761117557, 0.6008332228915283, 0.5637540002957135, 0.6572387752142268, 0.41983195213624014, -0.5211551792118319, -0.5078601020206703, 0.09570673710969091, 0.642551912045632, 0.3324388557248794, 0.1690041206477899, -0.8421335060936619, -0.4056544090712553], 'fitness': (0.9791481773058573,), 'features': (-5.676244, -7.1769786)}]","[{'name': '1710163815725-576', 'genom': [0.7970135231672273, 0.0016675481739609754, 0.2939026949931569, 0.09916262413963217, 0.2156749687907238, 0.8221599937407942, -0.09044308405832613, 0.48241014651722547, -0.8741639370187553, -0.01757358372581841, 0.9146029838370016, 0.08053333027858645, 0.8769496229014229, -0.3182010592089044, 0.35037306319445816, 0.29237253109285, -0.5519866389069159, 0.9415005180516123, -0.7400205563117483, 0.5968880194210817, 0.19281291364990127, -0.5115613186772909, -0.46830783217551186, 0.5291342748267449, 0.983636211262017, 0.20689200663834062, -0.8824161613074457, -0.6504340492214036, 0.15669444890982542, 0.6994610969177726, 0.11752446264566019, 0.025826399183321413, -0.685718395749717, 0.12846033615128993, -0.6419556634247443, 0.22215737242186928], 'fitness': (0.9924234920077853,), 'features': (-5.9725385, -6.5085573)}]","[{'name': '1710165480048-1011', 'genom': [-0.7496136004965217, 0.7446756562639278, 0.16346207366365295, 0.6038322226332768, 0.965099948009857, -0.9114578672738418, -0.695398183216108, 0.28065273239720145, -0.2633757263934071, -0.26367057730254895, -0.029924573455073045, -0.4488799466369078, 0.25265427566911036, 0.8495667384525463, 0.955366911980505, 0.5254130183036965, -0.13937110434291577, -0.6761228277378095, 0.6067747094039884, -0.7544497018328007, -0.10591634935594119, 0.20583118385292565, 0.318918301498605, 0.5020091575015249, 0.875135384141497, -0.8659293704455471, 0.5602312255984994, 0.7669048333171955, 0.12188200719947839, 0.8734800668376879, 0.884361996918239, 0.13385581328064267, -0.4851881330296153, -0.17648913624774276, 0.04289433600166692, 0.4057529998066607], 'fitness': (0.9897163543436263,), 'features': (-5.2589736, -5.1434402)}]","[{'name': '1710163815725-576', 'genom': [0.6857943806757585, 0.06322700793712976, 0.36085770126346484, -0.07067842675024916, 0.2613562682077719, 0.7748638060959536, 0.2310182643075318, 0.6037656417568866, -0.8741639370187553, 0.11490886831799352, 0.9146029838370016, 0.10536624215663859, 0.7968860269632176, -0.25594076013873823, 0.6887215875413479, 0.29237253109285, -0.7389529150422254, 0.9462902749396931, -0.7400205563117483, 0.6061236208984786, 0.19281291364990127, -0.5739381635422429, -0.4640691542310209, 0.5291342748267449, 0.983636211262017, 0.20689200663834062, -0.8824161613074457, -0.5735716307723628, 0.15669444890982542, 0.6994610969177726, 0.11752446264566019, 0.025826399183321413, -0.6450144899434989, 0.1362428497648942, -0.696873606201105, 0.3634705820526447], 'fitness': (0.8844066937764485,), 'features': (-5.1553793, -4.990091)}]","[{'name': '1710164602695-774', 'genom': [0.0832288038575062, 0.5211011627438142, 0.46395699940433066, 0.5207071149099782, -0.929464729574714, -0.6653670806748744, 0.2729340728472043, -0.6539552313869015, 0.8640321648681604, 0.8862979874308328, -0.2797436440573684, 0.5026654056934405, 0.19406893049566687, -0.04147270134422554, 0.860800922570538, -0.26810513625134647, -0.6366806059084646, 0.1736973267805959, -0.14053547281121803, -0.15850494138680915, 0.5349499398738049, 0.6561334120024793, -0.25059174755063807, 0.9253723198808992, 0.009058879248017293, -0.13985161257750112, -0.6594598405227841, 0.9539196727765307, 0.4155368702833364, 0.5191712235995596, 0.9167168997045345, -0.9461417572284936, 0.3015044642408484, 0.9727989694661707, 0.32523567144200616, -0.6705520233932671], 'fitness': (0.9137262556287977,), 'features': (-5.5338445, -3.0169642)}]","[{'name': '1710164602695-774', 'genom': [0.10774803067040217, 0.5211011627438142, 0.46395699940433066, 0.5207071149099782, -0.929464729574714, -0.6475950524931364, 0.2729340728472043, -0.6539552313869015, 0.8640321648681604, 0.8862979874308328, -0.2797436440573684, 0.5026654056934405, 0.12689392497793928, -0.04147270134422554, 0.860800922570538, -0.26810513625134647, -0.557239761485447, 0.1736973267805959, -0.14053547281121803, -0.15850494138680915, 0.5349499398738049, 0.6561334120024793, -0.25059174755063807, 0.9253723198808992, -0.12120315493947853, -0.13985161257750112, -0.6594598405227841, 0.9539196727765307, 0.4272321641857786, 0.4643962213550974, 0.9167168997045345, -0.9461417572284936, 0.3015044642408484, 0.9727989694661707, 0.32523567144200616, -0.6705520233932671], 'fitness': (0.9993280516730414,), 'features': (-5.7883406, -2.1101084)}]","[{'name': '1710164449505-735', 'genom': [-0.9648981761304019, 0.8269663671622156, 0.4830035080643318, -0.7060674482749052, -0.577433623651346, -0.13874012557080384, -0.3390721994894983, 0.5696287850935311, -0.71622601247603, -0.2739852564071925, -0.22335570500981183, -0.6609030735383827, -0.6826265474668562, 0.44068292439378776, 0.02199250694259236, 0.7323632488490761, -0.0011900543407665776, -0.5128227547069935, -0.6641932630108796, -0.694604143518389, -0.6646755829807003, -0.5802055676837057, -0.2812098812025903, 0.06623395896682238, 0.2387340007652834, 0.39494417419103556, -0.5531197467359501, -0.48039890820630227, 0.5800879197100148, 0.01171186098626631, 0.19211396028339944, -0.060759989701487216, 0.8796669569963818, -0.6147139158941257, 0.20425344970977677, -0.7504015164839426], 'fitness': (0.9962494379944271,), 'features': (-5.909197, -1.8864347)}]","[{'name': '1710164900449-855', 'genom': [0.4660353679906881, 0.5907960836003383, 0.8881469324228393, 0.16360881583260767, -0.672171228420352, -0.2550356439308761, -0.4450327917314678, 0.3461519568155129, 0.5274562841620707, -0.5902858596959417, 0.07545323274839721, 0.6823381909285613, -0.4342990922654779, 0.6211785743076323, 0.139624910542689, -0.15150600276294557, 0.45617495281705467, -0.05515952338973684, -0.8386018975659126, 0.8747515864603799, 0.2201533310262973, -0.7153025586714252, 0.48242221353378656, -0.8182100285468255, 0.11403022003289087, 0.0713935830000072, 0.31752222139060704, -0.07384703075976162, 0.8810737654286924, 0.3156999191773553, -0.8975977429548665, -0.15806778509188923, 0.1268313965330481, 0.31248303103386843, -0.9992529268589121, 0.1093927588944732], 'fitness': (0.9886110517713759,), 'features': (-5.1921577, -0.23938657)}]","[{'name': '1710164900449-855', 'genom': [0.3099049216541545, 0.5907960836003383, 0.8875607569180683, 0.16360881583260767, -0.672171228420352, -0.2550356439308761, -0.4450327917314678, 0.3461519568155129, 0.5274562841620707, -0.5902858596959417, 0.07545323274839721, 0.6823381909285613, -0.4342990922654779, 0.5714366490134672, 0.139624910542689, -0.13164170778602968, 0.45617495281705467, -0.05515952338973684, -0.8386018975659126, 0.8758063223239825, 0.2201533310262973, -0.7153025586714252, 0.48242221353378656, -0.8182100285468255, 0.11403022003289087, 0.0713935830000072, 0.31752222139060704, -0.07384703075976162, 0.8810737654286924, 0.3156999191773553, -0.8975977429548665, -0.15806778509188923, 0.1268313965330481, 0.31248303103386843, -0.9992529268589121, 0.1093927588944732], 'fitness': (0.9609352774090237,), 'features': (-5.0707216, 0.063148014)}]","[{'name': '1710162596942-241', 'genom': [0.17504051126518538, -0.8808988162476394, 0.5752937051050298, -0.4743398570584674, -0.42284208435195425, -0.2861025185140762, -0.6078226531111213, 0.9782009807965379, 0.27792696288832563, 0.8934625345949612, -0.6099731403863771, 0.6362349298074479, -0.6458795286094079, -0.15541621734574895, -0.6263741848407043, -0.47035072486568286, 0.4362846093510744, 0.6063402607443855, 0.15754593002647854, -0.3471668743985965, -0.7486384882514461, -0.39697044025298234, 0.796387213322373, -0.5940999504806366, 0.3972566150773049, 0.8379955610365726, 0.08349578523155632, 0.26420704015617424, 0.466714783336454, 0.012650521819177918, 0.9923349630544982, -0.47784827011889774, 0.9422153282042274, 0.724879730871959, 0.33405672164926004, -0.2695308570366475], 'fitness': (0.9658367315928141,), 'features': (-5.3311167, 1.2870339)}]","[{'name': '1710162596942-241', 'genom': [0.17504051126518538, -0.9697543634088979, 0.6208377993360168, -0.4743398570584674, -0.42284208435195425, -0.5298650660612119, -0.5067122289092618, 0.9753197993477134, 0.27792696288832563, 0.8921042003608965, -0.4605146876586772, 0.40732877386409916, -0.8030100944942187, 0.11881643549431975, -0.6263741848407043, -0.4629323519455728, 0.2981454906038441, 0.6063402607443855, 0.16226704857446173, -0.2704644016930684, -0.7486384882514461, -0.3867308067869155, 0.796387213322373, -0.5940999504806366, 0.5489062660977948, 0.8399966391634925, 0.08349578523155632, 0.1539692997829225, 0.45159981628917234, 0.012650521819177918, 0.9923349630544982, -0.45719625130176955, 0.9422153282042274, 0.8023748938482085, 0.348980778863786, -0.2695308570366475], 'fitness': (0.9553686777750651,), 'features': (-5.128939, 2.195077)}]","[{'name': '1710179192041-4624', 'genom': [-0.5212539725949492, 0.0669426210221844, 0.6589025853791661, 0.2779247508050373, -0.06945932534560839, -0.4595909897005004, 0.19409639919426835, -0.20517128167210008, -0.08096261152220241, 0.1861742800703401, -0.46434202531397206, -0.8220725291895254, -0.8920049761224669, 0.5605210960623934, 0.06429679417215484, 0.719079830263254, 0.37634287804273603, 0.9809827155744084, -0.09303418916895145, -0.43651694029065546, -0.22995500304364613, 0.4952465050358079, 0.20987630794851353, -0.7466804941663987, -0.9696790173917567, -0.7214155523010439, 0.0979302530990307, 0.9076431959581657, 0.4086519809713569, -0.7412699887771568, 0.7890971520301007, 0.5707976940352582, -0.22442239536856912, 0.056177999699550396, 0.20578081251515545, 0.7672513631418052], 'fitness': (0.9942611647976769,), 'features': (-5.8091, 3.134986)}]","[{'name': '1710164326362-704', 'genom': [0.811607118472832, 0.07714484470073457, -0.6713760145411001, 0.7400023607202828, -0.35751313873173873, -0.6617733309220282, 0.19574413715884842, 0.7419217639922959, 0.26956621238544165, -0.3460396874076612, 0.4496451716991203, 0.3373171696946271, -0.24608290292585777, 0.6775432227191258, -0.44666145191687634, -0.45406873925465496, -0.15233966125170695, 0.36105299731910345, -0.9007530405403588, 0.7497565510744122, 0.20179633017541154, -0.4484275800569735, 0.022687938219640547, -0.7993114855343033, 0.1629235596726084, 0.6505780038593416, 0.7477674301172279, -0.6190886349974403, -0.3654489703084165, -0.8659294296856428, -0.8555092507558597, 0.9375225922614465, -0.7820023981352755, 0.21065378325155448, -0.8379616106190078, 0.9127899466214433], 'fitness': (0.9767672909630669,), 'features': (-5.6665015, 4.212488)}]","[{'name': '1710167322666-1497', 'genom': [0.048346217365834665, 0.5694544038022418, 0.8737456459703312, 0.6736424128225444, -0.27319645792086833, -0.5990197520210923, 0.8220309268519748, -0.5560263050099308, -0.14509266659006403, 0.411579769017429, -0.9697418471411727, 0.9458483586702977, 0.48563293344762526, -0.32794093036102345, 0.9655896858128608, -0.7461581119891836, 0.8687081513971979, -0.4286332071378429, 0.16260935630831774, 0.7871028693046878, -0.008788886933214002, -0.2271770973379892, -0.5508027873858319, -0.866443348409986, 0.3382558189757334, 0.556489556241627, 0.432984095738449, -0.044035907096173776, -0.11753326335944081, 0.5150678835131861, 0.7908049740208254, -0.06275555911781994, 0.9308633311537766, -0.7868288748780166, -0.7529213478277819, -0.1984366618918718], 'fitness': (0.9736787027782864,), 'features': (-5.5170455, 5.2869024)}]","[{'name': '1710167322666-1497', 'genom': [0.048346217365834665, 0.5694544038022418, 0.8737456459703312, 0.6755169540211319, -0.27319645792086833, -0.5459681199366677, 0.7649547682142908, -0.5560263050099308, -0.14509266659006403, 0.411579769017429, -0.9962544915262932, 0.9458483586702977, 0.35102577778653243, -0.32794093036102345, 0.9655896858128608, -0.7461581119891836, 0.8687081513971979, -0.4286332071378429, 0.16260935630831774, 0.7742193554911267, -0.008788886933214002, -0.17812684476815832, -0.5508027873858319, -0.866443348409986, 0.3382558189757334, 0.556489556241627, 0.432984095738449, -0.044035907096173776, -0.11753326335944081, 0.5150678835131861, 0.7908049740208254, -0.06275555911781994, 0.8463265366470456, -0.7926707718412356, -0.7529213478277819, -0.1984366618918718], 'fitness': (0.9724701590008206,), 'features': (-5.8947988, 6.2572136)}]","[{'name': '1710164414293-726', 'genom': [-0.50850016726256, 0.15493212625768193, 0.8869093472644203, -0.3446064124098436, 0.5450450620825278, 0.5040005486852748, -0.6189435850900444, 0.6476812366232241, 0.4807954396555887, -0.32233403351642687, -0.7850102074325371, -0.3649837843822197, 0.7496733964193563, -0.17413227114952523, -0.9773404298183663, 0.8018970561838166, 0.11207889209665423, 0.8266931726779227, 0.6913301942747514, 0.9957186629128532, -0.9436826459242766, 0.0932746026958653, 0.7412386726864713, -0.457077137974224, 0.9001339653498888, 0.5364224044548156, 0.2942769822263527, 0.8850856713909416, 0.8542228919819046, -0.5454718959794451, 0.23122763496449994, 0.39381812423572127, 0.7154984933500754, -0.24864161769452675, 0.7082743469697153, 0.4185488926435077], 'fitness': (0.9926858690049913,), 'features': (-5.1546335, 7.901215)}]","[{'name': '1710164414293-726', 'genom': [-0.5274553847687575, 0.15493212625768193, 0.8869093472644203, -0.3446064124098436, 0.5450450620825278, 0.5040005486852748, -0.7787659233368267, 0.74690501093158, 0.4807954396555887, -0.32233403351642687, -0.7850102074325371, -0.41530976528256836, 0.7496733964193563, -0.17413227114952523, -0.9773404298183663, 0.8018970561838166, 0.2879152276202408, 0.8266931726779227, 0.6913301942747514, 0.9957186629128532, -0.9436826459242766, -0.19864436694308973, 0.6562664537535148, -0.45593239730438384, 0.9001339653498888, 0.5364224044548156, 0.2942769822263527, 0.8523743347524919, 0.9102812569530492, -0.5454718959794451, 0.21725849819715237, 0.39381812423572127, 0.9664479795832315, -0.41854279340170275, 0.571641508448786, 0.41188618512011166], 'fitness': (0.9091294182671441,), 'features': (-5.2486176, 8.795469)}]","[{'name': '1710164414293-726', 'genom': [-0.5274553847687575, 0.15493212625768193, 0.8869093472644203, -0.3446064124098436, 0.5450450620825278, 0.5040005486852748, -0.6755288856016408, 0.74690501093158, 0.3914438678609242, -0.32233403351642687, -0.7850102074325371, -0.4449949258529593, 0.7496733964193563, -0.17413227114952523, -0.9773404298183663, 0.8018970561838166, 0.2879152276202408, 0.8266931726779227, 0.6913301942747514, 0.9997030083369292, -0.9436826459242766, -0.19864436694308973, 0.6562664537535148, -0.5174843703470628, 0.9847090295017629, 0.5364224044548156, 0.2942769822263527, 0.8240236857227192, 0.9102812569530492, -0.2162257322137222, 0.2558459132665314, 0.374928169337557, 0.9434941417101725, -0.35548768894076055, 0.571641508448786, 0.41188618512011166], 'fitness': (0.9375845379299588,), 'features': (-5.796028, 9.159106)}]"
5,"[{'name': '1710162079520-108', 'genom': [-0.9428102454507521, -0.04670742027474417, -0.39851173790425043, 0.45652478177652145, 0.2590296146427158, 0.4055456463510303, -0.06700964173031276, 0.41519213103967223, -0.6219161572486929, 0.07774999987693954, 0.8711967188647323, -0.4154348416368059, -0.4702746804793303, 0.3331338895257383, 0.8572864244372302, -0.07043041001090455, 0.3469990549833559, 0.3501504173793948, 0.8079260178618233, 0.7024360208551563, 0.22909014709518538, 0.860737195585124, 0.3327193079455346, 0.6991094616765343, -0.49910918261829207, 0.05133445980896467, -0.6601303257099205, -0.5940881060629759, 0.7144237145753691, 0.721915722243536, -0.8905085516187696, 0.27310681045999674, 0.07142958708882086, -0.23983905740836708, 0.6422687830107063, -0.8474721826844787], 'fitness': (0.7984479692247178,), 'features': (-4.7688518, -9.0138645)}]","[{'name': '1710162079520-108', 'genom': [-0.9428102454507521, 0.005691222411394969, -0.6688014120379193, 0.566950300569961, 0.14439141157535706, 0.4445032236924771, 0.12938579943395734, 0.41519213103967223, -0.6496588407838553, 0.17981816844790455, 0.9732794401138141, -0.48530169963866765, -0.3729084316523634, 0.3331338895257383, 0.9594950258922159, 0.035118852656443655, 0.3469990549833559, 0.3501504173793948, 0.7078364747015111, 0.7024360208551563, 0.22909014709518538, 0.8319987710263743, 0.2335196346666757, 0.5569711631129521, -0.6706853597327627, 0.2444838746866156, -0.5898542349004565, -0.5585371292939953, 0.42840646488928424, 0.6519705196830277, -0.6189637849098004, -0.11583058955099368, 0.07142958708882086, 0.08045762794029643, 0.721252506892053, -0.747434985455028], 'fitness': (0.8963864750332302,), 'features': (-4.612355, -8.27052)}]","[{'name': '1710162079520-108', 'genom': [-0.9546970718198586, -0.07991451353038515, -0.5293914674308577, 0.45652478177652145, 0.12444597529146395, 0.4055456463510303, -0.06700964173031276, 0.41519213103967223, -0.7026785253104104, 0.33183102208442183, 0.8086110223808849, -0.5886893970319897, -0.4702746804793303, 0.3331338895257383, 0.9824042753473072, 0.03315463060741575, 0.3469990549833559, 0.5107563660876671, 0.7593761000600536, 0.7009985676213353, 0.22909014709518538, 0.8319987710263743, 0.3327193079455346, 0.6991094616765343, -0.6706853597327627, 0.18357132335968673, -0.591660043985416, -0.5940881060629759, 0.7144237145753691, 0.721915722243536, -0.669448059173595, 0.434195762065378, 0.07142958708882086, -0.23983905740836708, 0.6422687830107063, -0.8474721826844787], 'fitness': (0.8925235960218642,), 'features': (-4.2613435, -7.994698)}]","[{'name': '1710163815725-576', 'genom': [0.7930999142989898, 0.04844820775775793, 0.3330418377109736, -0.10725177671315533, 0.22810000837662647, 0.7748638060959536, -0.06945852026568411, 0.48241014651722547, -0.8741639370187553, -0.01757358372581841, 0.9454752797557455, 0.0007252349775148659, 0.9751570493145254, -0.3182010592089044, 0.33385050077628087, 0.29024302733197493, -0.6728444597715952, 0.9968095706867448, -0.592855571911058, 0.5968880194210817, 0.17491968136516411, -0.47439125942040516, -0.39811784116558235, 0.492606092956301, 0.9971191872019891, 0.20689200663834062, -0.8824161613074457, -0.6388886107612588, 0.15669444890982542, 0.3501591052310664, 0.3353505874329685, -0.005194109534426117, -0.8070165706357382, 0.11188262994325227, -0.6419556634247443, 0.27295706237597916], 'fitness': (0.9675820191701253,), 'features': (-4.724861, -6.2848005)}]","[{'name': '1710163815725-576', 'genom': [0.6857943806757585, 0.06322700793712976, 0.36085770126346484, -0.07067842675024916, 0.2613562682077719, 0.7748638060959536, 0.2310182643075318, 0.6037656417568866, -0.8093856249665812, 0.11490886831799352, 0.9180104754182572, 0.18177629337938694, 0.7968860269632176, -0.25594076013873823, 0.6887215875413479, 0.29237253109285, -0.7389529150422254, 0.9462902749396931, -0.7400205563117483, 0.2500803916165615, 0.19281291364990127, -0.5739381635422429, -0.511578106113046, 0.4574954801229012, 0.983636211262017, 0.20689200663834062, -0.8824161613074457, -0.5735716307723628, 0.15669444890982542, 0.552003612641047, 0.11752446264566019, 0.025826399183321413, -0.6918125556040857, 0.1362428497648942, -0.696873606201105, 0.3634705820526447], 'fitness': (0.9433201577928331,), 'features': (-4.4156857, -5.881914)}]","[{'name': '1710179192041-4624', 'genom': [-0.5539040798626385, 0.012416502484396741, 0.6589025853791661, 0.2086546464592498, -0.04266503098991059, -0.4595909897005004, 0.19409639919426835, -0.592292119327547, -0.08096261152220241, 0.003917558992731607, -0.46434202531397206, -0.8220725291895254, -0.8920049761224669, 0.6340654569598503, 0.04691609364071603, 0.6925205115601227, 0.37634287804273603, 0.9866740737290738, -0.28981537094194043, -0.43651694029065546, -0.22401584850307033, 0.5939890089953943, 0.4019206891139604, -0.8513828697263566, -0.9696790173917567, -0.7601776999759191, 0.0979302530990307, 0.9076431959581657, 0.4086519809713569, -0.6448275211743735, 0.7890971520301007, 0.6687284403632203, -0.22442239536856912, 0.09998833923181727, 0.19344808253418333, 0.8753736155735665], 'fitness': (0.9601985295613606,), 'features': (-4.6881733, -4.3176003)}]","[{'name': '1710178975330-4569', 'genom': [0.19273073340780056, 0.6595212897747535, -0.8339314591367946, -0.6792547214886087, 0.005397358099428651, 0.7023353082402863, 0.6632199275362989, 0.15601056021814386, 0.9396820745134093, -0.06259202052316026, -0.12429258291996326, 0.2128959184107171, 0.8604206151362714, -0.2497808256932501, 0.3418702768434261, 0.5828252625777315, 0.2699067638660333, -0.00980214402170887, 0.8061299319427964, -0.05780750224673081, -0.2107449209093024, 0.7523705589292649, 0.25742559468667925, -0.72306615391982, 0.6423841218976758, -0.1674925084417649, 0.24118479067430076, -0.9922080424760344, -0.6882799473179022, -0.9742219693011753, 0.06906577856113882, 0.9201542931976836, -0.9737431622866128, 0.5573579194321268, 0.5162194283809787, 0.5306931469089995], 'fitness': (0.9732302135891384,), 'features': (-4.905805, -3.9891427)}]","[{'name': '1710162091566-111', 'genom': [-0.7616581744037385, 0.009872400734514564, -0.8822691826268607, 0.2976838020169803, -0.04010071504240975, -0.34908197637859817, -0.6333752499220817, -0.20820404925750635, -0.3656059709121604, -0.22022519426239273, 0.7982592420026628, 0.9020183562781046, 0.8418097788576739, -0.009115012718455162, -0.516347506108028, 0.22055710287627428, 0.7798592064081207, 0.5455491047242598, -0.1860926648388317, -0.7847610305831922, -0.8133121862971473, 0.12827160977818686, 0.18498871706917264, 0.9957085761117557, 0.6008332228915283, 0.6047234502723982, 0.6572387752142268, 0.5089835879949685, -0.5211551792118319, -0.5078601020206703, 0.09570673710969091, 0.642551912045632, 0.3324388557248794, 0.18726243726437097, -0.8421335060936619, -0.4056544090712553], 'fitness': (0.981422930293613,), 'features': (-4.615334, -2.6683688)}]","[{'name': '1710164449505-735', 'genom': [-0.9648981761304019, 0.8269663671622156, 0.4830035080643318, -0.7060674482749052, -0.577433623651346, -0.13874012557080384, -0.3390721994894983, 0.5696287850935311, -0.71622601247603, -0.2739852564071925, -0.22335570500981183, -0.6609030735383827, -0.6826265474668562, 0.44068292439378776, 0.02199250694259236, 0.7323632488490761, -0.0011900543407665776, -0.5128227547069935, -0.6641932630108796, -0.694604143518389, -0.6646755829807003, -0.5802055676837057, -0.2812098812025903, 0.06623395896682238, 0.2387340007652834, 0.39494417419103556, -0.5531197467359501, -0.649773524953241, 0.5800879197100148, 0.01171186098626631, 0.19211396028339944, -0.2314063550335641, 0.7508318666390523, -0.6147139158941257, 0.1723872990202664, -0.7504015164839426], 'fitness': (0.9916451348198785,), 'features': (-4.7096615, -1.785224)}]","[{'name': '1710164900449-855', 'genom': [0.3099049216541545, 0.5907960836003383, 0.8875607569180683, 0.16360881583260767, -0.672171228420352, -0.2550356439308761, -0.4450327917314678, 0.3461519568155129, 0.5274562841620707, -0.5465079893467324, 0.04943753233400505, 0.6823381909285613, -0.4308468096248723, 0.5714366490134672, 0.139624910542689, -0.13164170778602968, 0.45617495281705467, -0.05515952338973684, -0.9244471574330744, 0.8758063223239825, 0.2201533310262973, -0.7153025586714252, 0.48242221353378656, -0.9434425511076334, 0.11403022003289087, 0.0713935830000072, 0.31752222139060704, -0.07384703075976162, 0.8810737654286924, 0.3284368299794307, -0.8975977429548665, -0.15806778509188923, 0.1268313965330481, 0.31248303103386843, -0.9999437132809723, 0.1093927588944732], 'fitness': (0.9976607532964812,), 'features': (-4.9845757, -0.47303578)}]","[{'name': '1710164326362-704', 'genom': [0.811607118472832, 0.07714484470073457, -0.6713760145411001, 0.7400023607202828, -0.39283786019336797, -0.6617733309220282, 0.20580781674200677, 0.8045443743085245, 0.26956621238544165, -0.3460396874076612, 0.4496451716991203, 0.3373171696946271, -0.36942690770892384, 0.6775432227191258, -0.44666145191687634, -0.45406873925465496, -0.15233966125170695, 0.3596349457087089, -0.9007530405403588, 0.7561092277379649, 0.20179633017541154, -0.4484275800569735, 0.022687938219640547, -0.7993114855343033, 0.1629235596726084, 0.6505780038593416, 0.7477674301172279, -0.6190886349974403, -0.14750333014408734, -0.9291741027097524, -0.8555092507558597, 0.9375225922614465, -0.7820023981352755, 0.21065378325155448, -0.8379616106190078, 0.9039201566237651], 'fitness': (0.9778144518534343,), 'features': (-4.8608484, 0.848366)}]","[{'name': '1710164414293-726', 'genom': [-0.5274553847687575, 0.15493212625768193, 0.8869093472644203, -0.342291198958683, 0.5450450620825278, 0.47444853033128975, -0.8034603797651145, 0.74690501093158, 0.4807954396555887, -0.32233403351642687, -0.7850102074325371, -0.34596701359070137, 0.5896640045926145, -0.17413227114952523, -0.9971954168796764, 0.8018970561838166, 0.2879152276202408, 0.6772623209831734, 0.5572177319129987, 0.9957186629128532, -0.8872457278902848, -0.22040479639301203, 0.6562664537535148, -0.457077137974224, 0.9001339653498888, 0.4108847967810043, 0.5977954658585065, 0.835808514945898, 0.9102812569530492, -0.5940604772082541, 0.28358490015835724, 0.39381812423572127, 0.7154984933500754, -0.3712553456635854, 0.711627151575962, 0.4185488926435077], 'fitness': (0.9968934545914332,), 'features': (-4.2916465, 1.915628)}]","[{'name': '1710164326362-704', 'genom': [0.811607118472832, 0.07714484470073457, -0.6713760145411001, 0.7400023607202828, -0.39283786019336797, -0.6617733309220282, 0.20580781674200677, 0.7210365546803217, 0.26956621238544165, -0.3460396874076612, 0.4496451716991203, 0.3373171696946271, -0.36942690770892384, 0.6775432227191258, -0.44666145191687634, -0.45406873925465496, -0.15233966125170695, 0.3596349457087089, -0.9007530405403588, 0.7561092277379649, 0.20179633017541154, -0.4484275800569735, 0.022687938219640547, -0.7993114855343033, 0.1629235596726084, 0.6505780038593416, 0.7477674301172279, -0.7815647414875206, -0.1817190788048917, -0.9291741027097524, -0.8555092507558597, 0.9375225922614465, -0.7820023981352755, 0.21065378325155448, -0.8379616106190078, 0.8359541152218288], 'fitness': (0.9981139090326098,), 'features': (-4.2838197, 2.4983494)}]","[{'name': '1710166057985-1155', 'genom': [-0.36576725174378066, 0.7405021626972534, -0.6384885548016763, -0.5925285818283443, -0.4688718858350034, -0.48802618947128074, 0.13914370619056027, 0.7555510775120278, 0.5218176844493474, 0.771851966785434, -0.6412706980339697, -0.7042910601949159, 0.8528320917913776, -0.8834254838903373, -0.32679033589706474, 0.5768132673212143, -0.9889539358180732, -0.4948551693562062, 0.4222877975585062, 0.22733487780922434, -0.9950554036833501, 0.03946131709792522, -0.10101413159403805, 0.3936417296182624, -0.482476374279873, 0.6652368473068988, -0.8046502668742967, 0.27762196811587625, -0.46646440352143026, -0.2838705916675921, 0.23137685338887115, -0.53901626231408, 0.9906662029402751, 0.3437606225468721, -0.9596707279542318, 0.5095985454577641], 'fitness': (0.8970214631822374,), 'features': (-4.4456306, 3.0804822)}]","[{'name': '1710167322666-1497', 'genom': [0.048346217365834665, 0.5694544038022418, 0.8737456459703312, 0.6736424128225444, -0.3930016552670592, -0.5897324148657301, 0.8220309268519748, -0.5229526474959811, -0.14509266659006403, 0.411579769017429, -0.9697418471411727, 0.9458483586702977, 0.48563293344762526, -0.32794093036102345, 0.9655896858128608, -0.7461581119891836, 0.8687081513971979, -0.4286332071378429, 0.16260935630831774, 0.7871028693046878, -0.008788886933214002, -0.2271770973379892, -0.5508027873858319, -0.866443348409986, 0.3382558189757334, 0.5067202087326059, 0.432984095738449, -0.044035907096173776, -0.11753326335944081, 0.5150678835131861, 0.7908049740208254, -0.06275555911781994, 0.9959487346435234, -0.5581888932424071, -0.7529213478277819, -0.1984366618918718], 'fitness': (0.9588687260945638,), 'features': (-4.535378, 4.5325146)}]","[{'name': '1710164437783-732', 'genom': [-0.7710454439624828, 0.49897896625580684, 0.06999019162606013, 0.46917376727147353, -0.032936113721275584, 0.924017366348761, -0.6687020874861573, -0.7491989223652951, 0.45732578490008247, -0.4083543657122526, -0.161215099269584, -0.344893579574135, 0.24389073983847132, 0.0929184398694376, -0.30786741998348677, 0.08306922950315188, 0.5369907689223856, 0.7167572287806503, 0.9734662445340672, -0.8443904141559013, -0.9552298473321439, -0.942776376108704, 0.9325290500812773, 0.1597080433792617, -0.5253222040782781, -0.02173045691877995, -0.29926416986720583, 0.7145787416234213, -0.28379757934453775, 0.8349820630180955, 0.05570826170878607, 0.6803187385411713, -0.12216817254554524, 0.3423052745239572, -0.10924177001627444, 0.1643856025436332], 'fitness': (0.9965453300211164,), 'features': (-4.477369, 5.23004)}]","[{'name': '1710162372442-182', 'genom': [-0.21715286053486738, 0.19444042508364867, -0.16172213678646452, -0.10431105839682187, -0.5183304263499828, -0.4597264508901999, -0.08415323063842362, -0.3130691020644547, 0.14175505934064403, 0.04248202820957725, -0.022499381589921708, -0.5666819481907288, -0.5775849898412282, -0.3667800637942924, 0.9553955488368111, 0.07396340032390913, -0.13582668027830946, 0.1297348935715179, 0.3820260174096677, -0.9769825504447964, -0.5899872533666266, -0.7399187990438272, -0.5717092363539975, 0.5248201299047244, -0.30406553439049877, 0.419230619822756, 0.9537408559672682, 0.8394629505673759, 0.8169029005443651, -0.8610855192445135, 0.6340105561757066, 0.14646631629660134, -0.2625162885126726, 0.7003741920808508, -0.2446859339787275, 0.5029524313675069], 'fitness': (0.9678212695651585,), 'features': (-4.175105, 6.0347486)}]","[{'name': '1710162372442-182', 'genom': [-0.22606039473791784, 0.11926416862453548, -0.16172213678646452, -0.1093536172979932, -0.5183304263499828, -0.4111304230343391, -0.013575790516026087, -0.3130691020644547, 0.009514478003263438, 0.04248202820957725, -0.04699350973090155, -0.7015109340983179, -0.5775849898412282, -0.3667800637942924, 0.9553955488368111, 0.08908994419335747, -0.13582668027830946, 0.1297348935715179, 0.004230145655844453, -0.8938299887286736, -0.7111856932918967, -0.7439080231552568, -0.5717092363539975, 0.5248201299047244, -0.30406553439049877, 0.419230619822756, 0.9537408559672682, 0.9861339639638054, 0.8169029005443651, -0.8400817013727806, 0.7300770992541177, 0.1846283917147089, -0.37579504243696293, 0.5161606664364833, -0.2246841027776536, 0.6676205914472502], 'fitness': (0.8863051096598307,), 'features': (-4.735458, 7.4021845)}]","[{'name': '1710162372442-182', 'genom': [-0.22606039473791784, 0.14146190799081948, -0.16172213678646452, -0.1093536172979932, -0.5183304263499828, -0.4569638524098487, -0.013575790516026087, -0.3130691020644547, 0.009514478003263438, 0.04248202820957725, -0.04699350973090155, -0.7015109340983179, -0.5775849898412282, -0.3667800637942924, 0.9553955488368111, 0.08908994419335747, -0.13582668027830946, 0.1297348935715179, 0.01594122482514515, -0.9769825504447964, -0.7111856932918967, -0.7439080231552568, -0.5717092363539975, 0.5248201299047244, -0.30406553439049877, 0.419230619822756, 0.9537408559672682, 0.9861339639638054, 0.8169029005443651, -0.8400817013727806, 0.6947759448259303, 0.1846283917147089, -0.37579504243696293, 0.5161606664364833, -0.2446859339787275, 0.5029524313675069], 'fitness': (0.9531835556030274,), 'features': (-4.640212, 8.211072)}]","[{'name': '1710164414293-726', 'genom': [-0.5454760585174885, 0.15493212625768193, 0.8869093472644203, -0.3446064124098436, 0.8502487861532206, 0.5040005486852748, -0.6755288856016408, 0.74690501093158, 0.3914438678609242, -0.32233403351642687, -0.7850102074325371, -0.4449949258529593, 0.7496733964193563, -0.17413227114952523, -0.9944380037140317, 0.8018970561838166, 0.2879152276202408, 0.8266931726779227, 0.6913301942747514, 0.9997030083369292, -0.9436826459242766, -0.19864436694308973, 0.6562664537535148, -0.5174843703470628, 0.9847090295017629, 0.5364224044548156, 0.2942769822263527, 0.8240236857227192, 0.9102812569530492, -0.2162257322137222, 0.2558459132665314, 0.374928169337557, 0.8421517756805201, -0.35548768894076055, 0.571641508448786, 0.2803364159330095], 'fitness': (0.8513732062445747,), 'features': (-4.9285645, 9.025188)}]"
6,"[{'name': '1710162079520-108', 'genom': [-0.9428102454507521, 0.032253147043270314, -0.6787332031872655, 0.45652478177652145, 0.14880771187067832, 0.4055456463510303, -0.0808604718038406, 0.41519213103967223, -0.5205573225661249, 0.19383505979324012, 0.7519470989340777, -0.39512485913455087, -0.4702746804793303, 0.49375644188986967, 0.7658104846467362, 0.010927976421588603, 0.3469990549833559, 0.3501504173793948, 0.8079260178618233, 0.7024360208551563, 0.22909014709518538, 0.9054330845691481, 0.3327193079455346, 0.6991094616765343, -0.6706853597327627, 0.22628021974513923, -0.5898542349004565, -0.5940881060629759, 0.7144237145753691, 0.721915722243536, -0.6774289722673505, 0.27310681045999674, 0.07142958708882086, -0.23983905740836708, 0.6422687830107063, -0.8474721826844787], 'fitness': (0.9575449652141995,), 'features': (-3.3345006, -9.765772)}]","[{'name': '1710163815725-576', 'genom': [0.8687687905080923, 0.04844820775775793, 0.2939026949931569, 0.12878126510234678, 0.22810000837662647, 0.7748638060959536, -0.06846127389376133, 0.4807460721712551, -0.8741639370187553, -0.01757358372581841, 0.9850275292019985, 0.10536624215663859, 0.8769496229014229, -0.3182010592089044, 0.33385050077628087, 0.26921015181512997, -0.6728444597715952, 0.9415005180516123, -0.6771671417019873, 0.5529981994658866, 0.19281291364990127, -0.5115613186772909, -0.46830783217551186, 0.5291342748267449, 0.9854250727820837, 0.20689200663834062, -0.8824161613074457, -0.699413030581933, 0.15669444890982542, 0.6553085841682591, 0.10275091636822098, -0.005194109534426117, -0.685718395749717, 0.12846033615128993, -0.6419556634247443, 0.22215737242186928], 'fitness': (0.8452976120842828,), 'features': (-3.9538488, -8.291948)}]","[{'name': '1710162091566-111', 'genom': [-0.8176088871919993, -0.1156752529037961, -0.9054956593886734, 0.2976838020169803, -0.04010071504240975, -0.34908197637859817, -0.6471330215456299, -0.4742095311341419, -0.3656059709121604, -0.22022519426239273, 0.7982592420026628, 0.9020183562781046, 0.8418097788576739, 0.14653984791659513, -0.516347506108028, 0.22055710287627428, 0.7739489347328476, 0.5455491047242598, -0.1860926648388317, -0.8110149497411117, -0.8187793898824496, 0.017144374158632125, 0.29307975031889577, 0.9957085761117557, 0.6008332228915283, 0.6047234502723982, 0.6572387752142268, 0.5089835879949685, -0.5211551792118319, -0.5078601020206703, 0.09570673710969091, 0.625336662548478, 0.3324388557248794, 0.27757795192068246, -0.8407942493734188, -0.4056544090712553], 'fitness': (0.9738956451416015,), 'features': (-3.7688692, -7.4581246)}]","[{'name': '1710163815725-576', 'genom': [0.7930999142989898, 0.04844820775775793, 0.32914279333188623, -0.10725177671315533, 0.22810000837662647, 0.7748638060959536, -0.06945852026568411, 0.48241014651722547, -0.8741639370187553, -0.01757358372581841, 0.9454752797557455, 0.0007252349775148659, 0.9751570493145254, -0.3182010592089044, 0.33385050077628087, 0.29024302733197493, -0.6728444597715952, 0.9809901767940188, -0.592855571911058, 0.5968880194210817, 0.16797552780633707, -0.47439125942040516, -0.39811784116558235, 0.492606092956301, 0.9971191872019891, 0.20689200663834062, -0.8824161613074457, -0.6388886107612588, 0.15669444890982542, 0.3501591052310664, 0.3353505874329685, 0.03640626440187811, -0.8070165706357382, 0.11188262994325227, -0.6419556634247443, 0.27295706237597916], 'fitness': (0.9996248457166884,), 'features': (-3.2495933, -6.6017404)}]","[{'name': '1710162091566-111', 'genom': [-0.971920729125785, -0.1156752529037961, -0.9054956593886734, 0.2976838020169803, -0.04010071504240975, -0.21856462135772992, -0.6333752499220817, -0.4742095311341419, -0.3656059709121604, -0.18744126545886353, 0.7229365746379628, 0.898460660408763, 0.8418097788576739, 0.14653984791659513, -0.516347506108028, 0.22055710287627428, 0.7009341094491628, 0.5455491047242598, -0.1860926648388317, -0.8496472836866928, -0.9597668117672089, 0.20635922856662225, 0.29307975031889577, 0.9957085761117557, 0.6008332228915283, 0.6047234502723982, 0.6572387752142268, 0.5566105782305486, -0.5211551792118319, -0.5078601020206703, 0.2383171955425598, 0.642551912045632, 0.3324388557248794, 0.3456839484280123, -0.8446332905758758, -0.4056544090712553], 'fitness': (0.9970524470011394,), 'features': (-3.1534498, -5.8708706)}]","[{'name': '1710162091566-111', 'genom': [-0.7616581744037385, -0.13618599409734733, -0.6914144264152848, 0.2976838020169803, 0.027616827547338296, -0.3235167550586777, -0.6553798074778538, -0.43198509694120024, -0.33592918178059916, 0.02709407950211129, 0.7982592420026628, 0.8440011532871579, 0.8950035110620254, 0.14653984791659513, -0.516347506108028, 0.05048153563577551, 0.8736227307962086, 0.5455491047242598, -0.1860926648388317, -0.7847610305831922, -0.8133121862971473, 0.12827160977818686, 0.29307975031889577, 0.9957085761117557, 0.6008332228915283, 0.5637540002957135, 0.6572387752142268, 0.5089835879949685, -0.5211551792118319, -0.5078601020206703, 0.09570673710969091, 0.642551912045632, 0.3324388557248794, 0.1690041206477899, -0.8421335060936619, -0.4056544090712553], 'fitness': (0.9969243019819259,), 'features': (-3.9880617, -4.8893714)}]","[{'name': '1710165480048-1011', 'genom': [-0.7496136004965217, 0.7446756562639278, 0.16346207366365295, 0.6038322226332768, 0.9874126089857875, -0.9125441705484671, -0.5111644728072988, 0.29688472916199005, 0.17235601011991508, -0.4339334674531883, -0.08908976266394841, -0.4488799466369078, 0.25265427566911036, 0.8495667384525463, 0.955366911980505, 0.5316508087151852, -0.13937110434291577, -0.6141258387442097, 0.6067747094039884, -0.6921450328042391, -0.10591634935594119, 0.20583118385292565, 0.318918301498605, 0.5288322960274785, 0.9599735698303358, -0.8418243121595319, 0.5741324268832695, 0.7669048333171955, 0.12188200719947839, 0.9628327399567649, 0.884361996918239, 0.13385581328064267, -0.5166154385008384, -0.17648913624774276, 0.07057230603032338, 0.19679662207911708], 'fitness': (0.9830093595716688,), 'features': (-3.0199893, -3.0229456)}]","[{'name': '1710162075583-107', 'genom': [0.5925007101571813, 0.1618285219564004, -0.43682393434499156, 0.6073192331710462, 0.4705286436413809, -0.553442077745989, -0.5955070549842163, -0.26973885920230845, -0.5395838914053412, 0.018500065430478774, -0.44927548440883114, -0.453582787163086, 0.3703675153929016, 0.0181401421044034, 0.3269641378072199, 0.842377729055297, 0.7111093506228565, 0.5210569320470524, 0.9426370183675266, 0.6413832206843757, -0.28365565712176655, 0.39803955686149606, 0.11408076515960297, 0.2792123376470359, 0.09246021876017019, 0.7966423034113459, -0.6821030206662728, -0.8885295211815203, 0.20921789738330898, -0.5705782104307056, -0.9732977300718664, 0.014688494301013266, 0.2567537254045684, 0.2637155526149304, -0.13602502022036145, 0.12495095697833136], 'fitness': (0.9945662021636963,), 'features': (-3.402742, -2.9463916)}]","[{'name': '1710164449505-735', 'genom': [-0.9648981761304019, 0.8269663671622156, 0.4830035080643318, -0.7060674482749052, -0.577433623651346, -0.13874012557080384, -0.3390721994894983, 0.589074064239133, -0.8839725883821572, -0.2739852564071925, -0.18159915537366889, -0.6609030735383827, -0.6826265474668562, 0.44068292439378776, 0.02199250694259236, 0.7323632488490761, -0.15580389847470189, -0.5128227547069935, -0.6641932630108796, -0.6994437654248709, -0.6646755829807003, -0.5802055676837057, -0.2812098812025903, 0.06623395896682238, 0.18968039300363837, 0.24889650242364425, -0.5531197467359501, -0.649773524953241, 0.5800879197100148, 0.029004315200884312, 0.19211396028339944, -0.2314063550335641, 0.7508318666390523, -0.6147139158941257, 0.1723872990202664, -0.7504015164839426], 'fitness': (0.9980138896240128,), 'features': (-3.2568953, -1.8516884)}]","[{'name': '1710162876505-325', 'genom': [-0.6454490818264276, 0.7825006677368818, 0.16458827616613747, -0.35971356616506056, -0.36170621183809426, -0.12019164539489902, 0.6957978108711778, 0.7671273929974489, -0.24477069366573634, -0.10962643946885908, 0.4101377842065297, 0.7238873820047438, 0.7685102616941428, 0.6909189526413435, 0.24750102152776576, -0.5786274983955113, -0.16811201550052846, -0.05332251304723434, 0.019270452336165755, 0.5656891999794722, 0.006411714256661316, 0.7684011427382023, 0.007403473436295993, 0.995440852719075, 0.4095491485992384, -0.006983270226332161, 0.777713643749036, -0.20853263806003453, 0.12632252605169625, 0.5122287647738659, -0.8448551520849228, 0.4444396193772362, 0.5568339283555852, -0.09702523665911089, -0.47028587539887057, -0.10625319632191887], 'fitness': (0.9928580191400316,), 'features': (-3.2760828, -0.1966429)}]","[{'name': '1710164602695-774', 'genom': [0.2646107788430416, 0.5211011627438142, 0.39377573462521287, 0.8704804439121949, -0.8952663834608181, -0.6475950524931364, 0.2729340728472043, -0.6539552313869015, 0.9370954782794925, 0.9744004410148976, -0.33201818251840964, 0.5026654056934405, 0.19364300470322804, -0.04147270134422554, 0.7827827466672177, -0.26810513625134647, -0.557239761485447, 0.23251212227926965, -0.3032391307755278, 0.065335813032809, 0.5349499398738049, 0.8362613927021285, -0.30150710700985384, 0.6787803175505924, -0.06914404230857896, 0.27317928574907935, -0.6702225319881663, 0.7894896651461636, 0.3398819813121323, 0.3380966494936477, 0.5161202655614954, -0.8375145787838598, 0.3015044642408484, 0.988180787933379, 0.3851895157865539, -0.6705520233932671], 'fitness': (0.9913995636834039,), 'features': (-3.4220994, 0.97069544)}]","[{'name': '1710162091566-111', 'genom': [-0.7616581744037385, -0.3234187709002505, -0.6914144264152848, 0.2976838020169803, -0.00501853548945741, -0.3235167550586777, -0.6553798074778538, -0.43198509694120024, -0.33592918178059916, 0.02709407950211129, 0.7982592420026628, 0.931882514275064, 0.8950035110620254, 0.14653984791659513, -0.516347506108028, 0.11215617666556765, 0.9698685117407719, 0.5455491047242598, -0.1860926648388317, -0.7847610305831922, -0.8133121862971473, 0.1346747207283705, 0.07289970961238312, 0.9969186224233568, 0.6008332228915283, 0.29439184505398663, 0.6572387752142268, 0.5089835879949685, -0.5211551792118319, -0.5597629906901198, 0.09570673710969091, 0.642551912045632, 0.3324388557248794, 0.1690041206477899, -0.8421335060936619, -0.44688035535971027], 'fitness': (0.9981211553017298,), 'features': (-3.0442686, 1.5792274)}]","[{'name': '1710162596942-241', 'genom': [-0.05044139370107237, -0.9697543634088979, 0.5752937051050298, -0.4743398570584674, -0.42284208435195425, -0.5298650660612119, -0.6078226531111213, 0.9782009807965379, -0.007231148795022069, 0.8047544053959221, -0.6074335219535265, 0.6362349298074479, -0.6458795286094079, -0.15541621734574895, -0.6263741848407043, -0.4595240183288367, 0.3050823723760525, 0.6063402607443855, 0.16226704857446173, -0.31379979595504803, -0.7486384882514461, -0.39697044025298234, 0.796387213322373, -0.5940999504806366, 0.3972566150773049, 0.7962170543570748, 0.08349578523155632, -0.14715444083195361, 0.36454448422005403, 0.012650521819177918, 0.9923349630544982, -0.47774885625271835, 0.9422153282042274, 0.6389191666888492, 0.33405672164926004, -0.2695308570366475], 'fitness': (0.9997969441943698,), 'features': (-3.8226144, 2.3664432)}]","[{'name': '1710199067978-9863', 'genom': [-0.3534425965687782, 0.16443744850050357, -0.5270197086183344, -0.44602584651820454, 0.9426720679091249, -0.43751239569388645, 0.18018119667880916, 0.770185626946718, 0.7813118100332894, 0.13415731177033607, -0.7126429353958121, 0.4074029847519933, -0.27124246621828085, -0.4285873661664479, 0.17421763214524977, 0.5015760129986138, 0.8347900030424509, 0.9507373001164452, -0.7398534763147466, 0.8246672254327299, 0.28986534204217307, 0.17393143920370635, -0.7903564687461588, 0.6652950029321358, 0.48576424531901075, -0.33712845199808106, -0.3400202112328059, -0.961261855866733, -0.4672377125751166, 0.10936047830896856, -0.7206551022021233, 0.6163541961037566, 0.8820957918192942, -0.23722944305962823, 0.39741233925469577, 0.7382059537451291], 'fitness': (0.9982691180374887,), 'features': (-3.930869, 3.2404163)}]","[{'name': '1710161673215-6', 'genom': [0.43167362977489265, 0.8914552302512346, -0.2146301853693462, -0.30908737232922867, 0.28641969754071117, -0.45915488165624896, 0.33868783768083865, 0.37183954518118334, -0.8829735568041968, -0.13268061477340343, -0.23877692020282848, 0.23382378288797545, 0.5795081071607247, -0.28383773320339767, -0.9134264742962048, -0.3190859777652202, -0.3578916120161315, -0.06924817816912743, -0.22868445791997916, 0.09558258916387063, -0.801886403435472, -0.4557432657142637, 0.8271574822314283, 0.6912810172469037, 0.22752205206920517, 0.9033224736831746, 0.9635954760928012, -0.12636413662795154, -0.8122889185635549, 0.7383003556696521, -0.8407808926479896, -0.36614490882717043, -0.905741230112034, -0.6324564405947333, 0.3710035795337121, -0.8740175370494894], 'fitness': (0.9297473483615452,), 'features': (-3.145118, 4.6156225)}]","[{'name': '1710169754608-2136', 'genom': [0.13686501704266907, 0.6305723022481564, 0.32970071322918915, 0.6051247175075631, 0.26323685045880385, 0.46057923432819825, -0.9466744269633083, -0.9904162383912494, -0.6917311780612541, 0.22879968712257814, -0.08061413943484164, 0.7501853382790116, 0.0018251362514223324, -0.6659696050423283, -0.9770996587699099, 0.06502434709141869, -0.9697424761695554, 0.47650839219640373, -0.2735257896900958, 0.15324940904446893, -0.5566383223856732, -0.9731471079895297, 0.6929101826757664, -0.6008469412364212, 0.5084513303241243, 0.5373461345850128, 0.42531599821677424, -0.36662643665085737, 0.07032136715350745, -0.43222474150750734, -0.5709657247678595, -0.17436319429662062, 0.705053532201275, -0.9775498266575902, -0.8739943537270274, 0.7985633845159552], 'fitness': (0.9978196038140191,), 'features': (-3.1461637, 5.7852044)}]","[{'name': '1710162372442-182', 'genom': [-0.22606039473791784, 0.20193798573596955, -0.11501054962698887, -0.10431105839682187, -0.18373289109160051, -0.2360033768544605, -0.09691653249642718, -0.3130691020644547, 0.13000777383812934, 0.04248202820957725, 0.057944007436288913, -0.6479228488655009, -0.35246865003863315, -0.3667800637942924, 0.9553955488368111, 0.09228486936192071, -0.2498880100921359, 0.07919003840698902, 0.17142280461318182, -0.9476852301422152, -0.6698092024838096, -0.7277362871061617, -0.3653410817961269, 0.5248201299047244, -0.1115373647630371, 0.419230619822756, 0.8461473114162037, 0.9618750120197546, 0.7762781405910719, -0.7876935410362274, 0.6340105561757066, 0.14646631629660134, -0.2625162885126726, 0.5069921126787671, -0.31177019553018614, 0.33916588695013083], 'fitness': (0.9805423948499892,), 'features': (-3.8165624, 6.204591)}]","[{'name': '1710162372442-182', 'genom': [-0.22606039473791784, 0.14146190799081948, -0.16172213678646452, -0.10431105839682187, -0.5183304263499828, -0.49024216831643797, -0.06001133315351059, -0.3130691020644547, 0.009514478003263438, 0.04248202820957725, -0.022499381589921708, -0.7015109340983179, -0.5775849898412282, -0.3667800637942924, 0.9553955488368111, 0.06996832176904433, -0.13582668027830946, 0.1297348935715179, 0.3820260174096677, -0.9769825504447964, -0.7111856932918967, -0.7439080231552568, -0.5717092363539975, 0.5248201299047244, -0.30406553439049877, 0.419230619822756, 0.9537408559672682, 0.9618750120197546, 0.8169029005443651, -0.8610855192445135, 0.6340105561757066, 0.14646631629660134, -0.2625162885126726, 0.5283314956808711, -0.2446859339787275, 0.5029524313675069], 'fitness': (0.9815811276435852,), 'features': (-3.9446485, 7.7048426)}]","[{'name': '1710190928006-7710', 'genom': [-0.05868056000317279, 0.9668540556520491, -0.8037562930050501, -0.0536642562293721, 0.7537575422511147, 0.3170764805776354, 0.3501012429314152, 0.27222678276596457, 0.5984027692231553, 0.26245547154679283, -0.29269443132676254, -0.6186755072595644, -0.4404354955936638, 0.7534903633336649, -0.5378610660728633, 0.4347562572434507, -0.7423770205164886, 0.29072830145913975, 0.6892838646299231, 0.6762507491542151, 0.3928277451691695, -0.5517844804795753, 0.7021982477226383, 0.48697704693137633, -0.4409353206548845, -0.9414047878738587, -0.9895524580914554, 0.11212167431938802, 0.24203168893610516, -0.6409251559779394, -0.45983156266730973, 0.8423406498852022, -0.6996022367064432, -0.6930194886069572, 0.006335998802626808, -0.40011017060163234], 'fitness': (0.9979669994778103,), 'features': (-3.6662447, 8.041883)}]","[{'name': '1710162372442-182', 'genom': [-0.22606039473791784, 0.14146190799081948, -0.11501054962698887, -0.10431105839682187, -0.18373289109160051, -0.4436055055707173, -0.09691653249642718, -0.3606906144788353, 0.009514478003263438, 0.04248202820957725, 0.23580932862427262, -0.7015109340983179, -0.32028987880850024, -0.3667800637942924, 0.9553955488368111, 0.09228486936192071, -0.028250355712735375, 0.1297348935715179, 0.3820260174096677, -0.958555719119297, -0.6698092024838096, -0.6789790192744178, -0.544727306433797, 0.4087262224610426, -0.2596898093696922, 0.419230619822756, 0.9474086252150347, 0.9618750120197546, 0.8169029005443651, -0.7638344259449612, 0.9726743290545061, 0.14646631629660134, -0.2625162885126726, 0.5283314956808711, -0.31177019553018614, 0.5029524313675069], 'fitness': (0.910449727376302,), 'features': (-3.0494711, 9.359458)}]"
7,"[{'name': '1710162079520-108', 'genom': [-0.9428102454507521, -0.019042568787594805, -0.6787332031872655, 0.45652478177652145, 0.14880771187067832, 0.4055456463510303, -0.06700964173031276, 0.41519213103967223, -0.4597039578045117, 0.19383505979324012, 0.9802331040738474, -0.48530169963866765, -0.4702746804793303, 0.33893444330554456, 0.7160451828586221, -0.05208276564329406, 0.3469990549833559, 0.3501504173793948, 0.8411465794867199, 0.7024360208551563, 0.5038733386100249, 0.8319987710263743, 0.3327193079455346, 0.6991094616765343, -0.6577654030940061, 0.2299252994927572, -0.5898542349004565, -0.5940881060629759, 0.7144237145753691, 0.8216742741362986, -0.6774289722673505, 0.27310681045999674, 0.07142958708882086, -0.23983905740836708, 0.6422687830107063, -0.8474721826844787], 'fitness': (0.8255877600775825,), 'features': (-2.1245935, -9.706517)}]","[{'name': '1710162079520-108', 'genom': [-0.9428102454507521, -0.07991451353038515, -0.6787332031872655, 0.45652478177652145, 0.14880771187067832, 0.4055456463510303, -0.06700964173031276, 0.41519213103967223, -0.6219161572486929, 0.19383505979324012, 0.9881928284398385, -0.5280834155849043, -0.4702746804793303, 0.3331338895257383, 0.9549997900749077, 0.03315463060741575, 0.3469990549833559, 0.3501504173793948, 0.8079260178618233, 0.7024360208551563, 0.22909014709518538, 0.8319987710263743, 0.3327193079455346, 0.6991094616765343, -0.6706853597327627, 0.2299252994927572, -0.6601303257099205, -0.5940881060629759, 0.7144237145753691, 0.721915722243536, -0.6774289722673505, 0.27310681045999674, 0.07142958708882086, -0.23983905740836708, 0.6422687830107063, -0.8474721826844787], 'fitness': (0.9463830206129286,), 'features': (-2.4168093, -8.238517)}]","[{'name': '1710162079520-108', 'genom': [-0.9428102454507521, 0.027438894798762048, -0.648370267073263, 0.45652478177652145, 0.14880771187067832, 0.22396417700002536, -0.06700964173031276, 0.45991834077808047, -0.8208128910868151, 0.19383505979324012, 0.7652367270363025, -0.5812484216809952, -0.20532321208357707, 0.33893444330554456, 0.7658104846467362, -0.05208276564329406, 0.3469990549833559, 0.37101680063672693, 0.5387707768386252, 0.7024360208551563, 0.17664702081937578, 0.7897752541439726, 0.3327193079455346, 0.6682408583820776, -0.6577654030940061, 0.2299252994927572, -0.5512608440693849, -0.5917662125731811, 0.7144237145753691, 0.8360813423471183, -0.6774289722673505, 0.27310681045999674, 0.07142958708882086, -0.23983905740836708, 0.6422687830107063, -0.8474721826844787], 'fitness': (0.9648923873901367,), 'features': (-2.087586, -7.9804597)}]","[{'name': '1710177213280-4100', 'genom': [0.2827510752821021, -0.9082243380284816, -0.8202460607899391, -0.8865992517765156, 0.38732357440762977, -0.26714288624491056, 0.40589514133937965, -0.24605527881623268, 0.37601841994546903, -0.3121684915326173, -0.14533979886501447, -0.21474121074207098, -0.07186110810713453, -0.16952444806164535, -0.8790603279337263, 0.48414476615022184, -0.04651379476143247, -0.08193985248910884, 0.6023648285403134, 0.5336842164703641, -0.018555530831587452, 0.5806641784053304, 0.03608546740127827, 0.446646223746608, 0.5411048087270776, 0.4649044428172473, -0.4249604719768276, -0.14714038496325088, -0.018340174758926686, -0.894464427992222, 0.021802183497476646, -0.34185634339073756, -0.4609286051993937, 0.8243093277570026, -0.37680024793081035, -0.865182094851189], 'fitness': (0.9570238749186197,), 'features': (-2.3021991, -6.2190604)}]","[{'name': '1710161697171-12', 'genom': [0.7698997059534667, 0.6866844728796937, -0.13127874537666773, 0.4492793387564258, -0.7930950636384106, 0.7827302105547682, 0.13942657829629201, -0.025841566107834835, 0.33809247626584926, -0.48357079662090574, 0.013354667864527103, -0.7839249678409876, 0.3378519230147088, -0.6084027132474414, 0.23921626199539392, 0.3842943141077042, -0.15777727989253432, -0.5180623424262556, 0.741478921790683, 0.28082696332175106, -0.9600528529424257, 0.32827651739070474, -0.6976841964402407, -0.04603592677056567, -0.6665404445487688, -0.4401569564300576, -0.36244210112167874, -0.6702339946328357, -0.8153565771282785, -0.6197909418006895, 0.0013732834169752905, 0.8363226224524898, 0.32801067218364177, -0.9702449421441832, -0.16615538393499896, -0.6729847001846789], 'fitness': (0.9329863018459744,), 'features': (-2.0401409, -5.5949306)}]","[{'name': '1710161697171-12', 'genom': [0.6028616050014237, 0.6866844728796937, -0.13127874537666773, 0.4492793387564258, -0.7930950636384106, 0.7000065965390827, -0.04046284218270957, -0.06005321179402423, 0.33809247626584926, -0.48357079662090574, 0.013354667864527103, -0.7839249678409876, 0.2875642424213598, -0.6084027132474414, 0.23921626199539392, 0.3842943141077042, -0.15777727989253432, -0.5180623424262556, 0.784027429778728, 0.28082696332175106, -0.9600528529424257, 0.39715229085048054, -0.6976841964402407, -0.041522467244268, -0.9022661539960297, -0.4401569564300576, -0.36244210112167874, -0.6702339946328357, -0.8153565771282785, -0.6389261116117841, 0.0013732834169752905, 0.8363226224524898, 0.32801067218364177, -0.9702449421441832, -0.16615538393499896, -0.6729847001846789], 'fitness': (0.9908621258205838,), 'features': (-2.092888, -4.489765)}]","[{'name': '1710163722933-553', 'genom': [0.7944504943836068, 0.8952496678718227, -0.6461373349581068, -0.5616639866575233, 0.49145012484199446, -0.46286036601637814, 0.39142462897500585, -0.40732529334604006, -0.4399714832914148, 0.9027631872274036, 0.7547435239995066, -0.8479611089747301, 0.7748054941391889, -0.1862859428177066, 0.1383972712194126, 0.4633553964842174, -0.6970341113606966, 0.9272515565255255, -0.3439717574086676, -0.8224698000661641, 0.6163700142158826, -0.5487129298725546, 0.39820147100220615, 0.3307774486303847, 0.02212681863996635, -0.017358186071835258, 0.5171463850357156, -0.39631631649308274, -0.7820980878532124, -0.07919497055329261, 0.6758922881040197, 0.945302350887554, -0.26028519570212416, 0.34972928545696935, 0.41903964712916975, 0.5917922949447671], 'fitness': (0.9647637579176161,), 'features': (-2.2225292, -3.072928)}]","[{'name': '1710163722933-553', 'genom': [0.7944504943836068, 0.8952496678718227, -0.6461373349581068, -0.5616639866575233, 0.49145012484199446, -0.46286036601637814, 0.39142462897500585, -0.40732529334604006, -0.4399714832914148, 0.9027631872274036, 0.7547435239995066, -0.8479611089747301, 0.7405109567032842, -0.1862859428177066, 0.1383972712194126, 0.4633553964842174, -0.6970341113606966, 0.9272515565255255, -0.3439717574086676, -0.8224698000661641, 0.6163700142158826, -0.5487129298725546, 0.39820147100220615, 0.3307774486303847, 0.02212681863996635, -0.017358186071835258, 0.5851564452883076, -0.3058145531974312, -0.7820980878532124, -0.07919497055329261, 0.6758922881040197, 0.945302350887554, -0.26028519570212416, 0.34972928545696935, 0.41903964712916975, 0.5917922949447671], 'fitness': (0.9953705840640598,), 'features': (-2.2803879, -2.876381)}]","[{'name': '1710164900449-855', 'genom': [0.4660353679906881, 0.5515624469148466, 0.8992093952805111, 0.3155142589228097, -0.672171228420352, -0.2550356439308761, -0.5900731220254756, 0.3461519568155129, 0.5274562841620707, -0.5314092148363012, -0.06564911941993135, 0.6823381909285613, -0.4342990922654779, 0.3685553503328298, 0.139624910542689, -0.15150600276294557, 0.45617495281705467, -0.05515952338973684, -0.8386018975659126, 0.8747515864603799, 0.2201533310262973, -0.7153025586714252, 0.48242221353378656, -0.997918706325335, 0.11403022003289087, 0.0713935830000072, 0.31752222139060704, -0.07384703075976162, 0.8810737654286924, 0.3156999191773553, -0.8997853114373853, -0.15806778509188923, 0.23918699885652495, 0.3389843569375073, -0.9992529268589121, 0.1093927588944732], 'fitness': (0.9949061529503929,), 'features': (-2.0313725, -1.1454432)}]","[{'name': '1710162203003-139', 'genom': [0.7201067063201456, 0.009967261386758075, 0.8009621497426087, 0.2285050120390537, -0.22613197404937035, 0.4896139047525623, -0.3804487887654038, 0.8835320837549658, -0.9829872482208761, 0.3476989159176409, -0.16090796437355914, 0.7892662831364927, -0.7797884593637796, 0.03669948200919815, 0.5687447427777552, 0.7926328208183948, 0.17133078450944494, -0.5588942720911765, -0.005658153936209942, 0.5350330921480417, -0.8868542000233843, 0.6579478154806173, -0.47648743354691914, 0.9455446467201907, 0.33431191849259445, 0.8490549678875594, 0.290202051223037, 0.05853061737898124, -0.7258912351380493, -0.2359349634520902, 0.738918514749566, -0.8644157518562621, 0.5591827143748063, -0.746950510657103, -0.6412283367720468, -0.6661259836949514], 'fitness': (0.9931065658728282,), 'features': (-2.6318004, -0.3409759)}]","[{'name': '1710164602695-774', 'genom': [0.10774803067040217, 0.5211011627438142, 0.46395699940433066, 0.542691393682617, -0.929464729574714, -0.6475950524931364, 0.2729340728472043, -0.6539552313869015, 0.9370954782794925, 0.9744004410148976, -0.2797436440573684, 0.5026654056934405, 0.19364300470322804, -0.04147270134422554, 0.7827827466672177, -0.26810513625134647, -0.557239761485447, 0.23251212227926965, -0.3032391307755278, 0.065335813032809, 0.5349499398738049, 0.8362613927021285, -0.25059174755063807, 0.9815382804265025, -0.06914404230857896, 0.27317928574907935, -0.6594598405227841, 0.9400802659672756, 0.3398819813121323, 0.3380966494936477, 0.6478874713217257, -0.8375145787838598, 0.3015044642408484, 0.9727989694661707, 0.4043820506246696, -0.6705520233932671], 'fitness': (0.971327296892802,), 'features': (-2.882109, 0.78851324)}]","[{'name': '1710192070775-7999', 'genom': [-0.748467838440253, 0.7642013172033602, -0.7502179185767586, -0.03590875882498468, 0.24299331419635695, 0.3037636028107422, -0.4822715558762569, -0.9631140218869179, -0.27018900996107087, -0.7188070184962567, -0.050359415785648176, 0.612059815783242, -0.7937702526949078, -0.27479398438106184, -0.616245423665227, -0.9812379650257381, 0.7306219928222244, 0.16306220340588107, 0.18068244396194189, -0.7996443067589958, 0.6648791818005519, -0.9784945698955514, 0.7208446968690758, -0.96171070878316, -0.313459078686787, 0.3479563044903713, -0.8761484146320204, 0.9016074544561641, -0.3249052053088135, 0.3183333074090202, -0.12929151226542035, 0.40999352773701214, -0.5817019568144315, 0.8976055714706876, 0.9620977544926983, -0.155877792163021], 'fitness': (0.986196329858568,), 'features': (-2.7736838, 1.8819791)}]","[{'name': '1710162143679-124', 'genom': [0.9607196059507102, 0.05431747559350675, 0.8714747932207592, 0.9474270159049418, -0.4414069295431744, 0.49041864898674925, -0.94193363863991, -0.17892718865168122, 0.40087542443503743, 0.15175358181806264, -0.9569058287068988, 0.45521584912838575, 0.2298407750755762, -0.5622018612147461, 0.06113471808977655, -0.006110945313225535, -0.3714043852025757, -0.11402353482550254, -0.9946421318030814, -0.9412721372083481, -0.9647180572313749, -0.9550827626476968, -0.8414128510066012, -0.4438508016488458, 0.31374540717237376, -0.3329313339800304, -0.983063930913594, -0.6630985304221466, -0.37904076816205046, 0.6932914854937324, 0.681282490291063, 0.5492283865715293, 0.7822697709035078, -0.9189567187642573, -0.5128343976833927, 0.5062659117262203], 'fitness': (0.993510267469618,), 'features': (-2.0069335, 2.710883)}]","[{'name': '1710177139018-4081', 'genom': [-0.6428938090912524, -0.5924596854619577, 0.5069997989577488, 0.839239038027511, 0.12086258835578234, 0.3641851006099539, 0.309443270571393, -0.11754187264877491, -0.7005599731351644, 0.4083472628797091, -0.9140703025042318, 0.21976542065244353, -0.4224903434711913, 0.344426864364366, 0.5774460875902065, 0.5672858758915726, 0.22241629546514985, 0.745460790356568, -0.5827368027548763, -0.48067557239221403, -0.4639093111046164, 0.7514192656287237, 0.005065591391752999, -0.3426290478663787, -0.3620797659712629, 0.5536040530422617, 0.1345020158250605, -0.7865038580104331, 0.5902301539270056, -0.12985686700960808, 0.18108588525716685, 0.17928500934575342, 0.6511960289162473, 0.9815777703344812, -0.04662717198298938, 0.560486830670762], 'fitness': (0.9921004527144962,), 'features': (-2.2045844, 3.3856897)}]","[{'name': '1710172706911-2912', 'genom': [0.5429076640181649, 0.8237697915496958, 0.6801862406048098, 0.5240689134686962, -0.12023482311495437, 0.10150566082793433, -0.8149766918335881, -0.22240728014438393, 0.14099511773218287, 0.2392349664147928, -0.10231522670082094, 0.6170814547562851, -0.7942888708970159, -0.45708763394003715, -0.9688250959144473, 0.9155984628915212, 0.5688079165306399, 0.3095604647273753, 0.3085035096824549, -0.5182744942832611, 0.03612608819725471, 0.701658373976727, 0.16943284432001882, 0.38200576906827877, 0.5183574331921204, 0.959191869333623, -0.8973605683722774, -0.9111826630760924, 0.3881559126864311, -0.8699710580490376, -0.5742835113069995, 0.9686221109303443, 0.4787034247952191, -0.31706208001390257, 0.9343658384446978, 0.7029391030241376], 'fitness': (0.9724097755220201,), 'features': (-2.9372578, 4.07797)}]","[{'name': '1710169754608-2136', 'genom': [0.13686501704266907, 0.6305723022481564, 0.32970071322918915, 0.6051247175075631, 0.26323685045880385, 0.46057923432819825, -0.9466744269633083, -0.9904162383912494, -0.6917311780612541, 0.22879968712257814, -0.08061413943484164, 0.7501853382790116, 0.0018251362514223324, -0.6659696050423283, -0.9770996587699099, 0.06502434709141869, -0.9697424761695554, 0.47650839219640373, -0.2735257896900958, 0.15324940904446893, -0.5566383223856732, -0.9731471079895297, 0.6929101826757664, -0.6008469412364212, 0.5084513303241243, 0.5373461345850128, 0.42531599821677424, -0.36662643665085737, 0.07032136715350745, -0.36069483674976444, -0.451389713533878, -0.18359205514900645, 0.705053532201275, -0.9775498266575902, -0.8739943537270274, 0.7985633845159552], 'fitness': (0.999064572652181,), 'features': (-2.9298224, 5.93353)}]","[{'name': '1710164414293-726', 'genom': [-0.5274553847687575, 0.15493212625768193, 0.8869093472644203, -0.3446064124098436, 0.5450450620825278, 0.5913743652360661, -0.8034603797651145, 0.74690501093158, 0.4807954396555887, -0.32233403351642687, -0.7850102074325371, -0.34596701359070137, 0.5896640045926145, -0.17413227114952523, -0.9971954168796764, 0.8018970561838166, 0.2879152276202408, 0.6772623209831734, 0.5572177319129987, 0.9957186629128532, -0.9436826459242766, 0.0932746026958653, 0.6562664537535148, -0.457077137974224, 0.9001339653498888, 0.5364224044548156, 0.2942769822263527, 0.8850856713909416, 0.9102812569530492, -0.5454718959794451, 0.23122763496449994, 0.39381812423572127, 0.7154984933500754, -0.3712553456635854, 0.711627151575962, 0.4185488926435077], 'fitness': (0.9925608078638712,), 'features': (-2.0720854, 6.8391004)}]","[{'name': '1710164414293-726', 'genom': [-0.5274553847687575, 0.15493212625768193, 0.8869093472644203, -0.3446064124098436, 0.5450450620825278, 0.5040005486852748, -0.8034603797651145, 0.74690501093158, 0.4807954396555887, -0.32233403351642687, -0.7850102074325371, -0.34596701359070137, 0.7496733964193563, -0.17413227114952523, -0.9773404298183663, 0.8018970561838166, 0.2879152276202408, 0.8266931726779227, 0.6913301942747514, 0.9957186629128532, -0.9436826459242766, 0.0932746026958653, 0.6562664537535148, -0.457077137974224, 0.9001339653498888, 0.5364224044548156, 0.2942769822263527, 0.8850856713909416, 0.9102812569530492, -0.5454718959794451, 0.23122763496449994, 0.39381812423572127, 0.7154984933500754, -0.41854279340170275, 0.711627151575962, 0.4185488926435077], 'fitness': (0.9359118249681261,), 'features': (-2.9912634, 7.1925664)}]","[{'name': '1710185581591-6308', 'genom': [0.7316250115247493, -0.44085936375542256, -0.9828550014704796, -0.6228235510428182, 0.03684366257409821, 0.07976469981244949, -0.401263589151313, 0.8850981069943955, -0.7253798582911324, -0.15121607111968616, -0.8070608942505628, 0.8022976690643318, 0.7182638328906548, -0.7086505552417182, 0.7940835181729957, 0.7036784628373021, 0.8731590012403685, -0.014903976414856857, -0.0744886230785553, -0.02320193730984066, 0.7862293438981434, -0.6482999676901839, 0.36825920752386865, 0.04876687531305346, 0.421172220720089, 0.9268469404013797, 0.11568898156903251, 0.7273620952064266, -0.2599561695728665, -0.5518308010022306, 0.3717929788835883, -0.4958979864045965, -0.9046542302763123, 0.31873621843997113, -0.028711849559446057, -0.11665895989987263], 'fitness': (0.9804008682568868,), 'features': (-2.2172081, 8.878227)}]","[{'name': '1710162372442-182', 'genom': [-0.22606039473791784, 0.14146190799081948, -0.16172213678646452, -0.10431105839682187, -0.4617551699700728, -0.49024216831643797, -0.06001133315351059, -0.3130691020644547, 0.004190699937506537, -0.041170431606158964, -0.022499381589921708, -0.7015109340983179, -0.5775849898412282, -0.5112467111623518, 0.9553955488368111, 0.06996832176904433, -0.2597201831941025, 0.1297348935715179, 0.3820260174096677, -0.9769825504447964, -0.6606912861291774, -0.7439080231552568, -0.5044414786282205, 0.5248201299047244, -0.30406553439049877, 0.4969832074299232, 0.9537408559672682, 0.9618750120197546, 0.8169029005443651, -0.8610855192445135, 0.6340105561757066, 0.14646631629660134, -0.2625162885126726, 0.5283314956808711, -0.2446859339787275, 0.48176536725309616], 'fitness': (0.9133665826585557,), 'features': (-2.3939183, 9.453825)}]"
8,"[{'name': '1710161753639-26', 'genom': [0.03208130291661204, -0.5910914859031748, 0.7321406319031547, -0.41252284437317077, -0.18561085444787917, 0.09239789527447573, 0.7098267796699418, -0.3184075221079423, -0.13118482213650395, -0.4904548964022104, -0.08484668954992669, -0.9760191853157432, -0.3465429858549507, 0.21191982415851118, -0.15306478860620976, -0.5811990155942788, 0.630279305701748, 0.2620061139143297, -0.44203872102682507, -0.3241454912884105, -0.09111895494772138, 0.2701212230399499, 0.0678010086673424, 0.8353955075949977, -0.5229987219685885, -0.46702495512167586, -0.37941797820683565, -0.3840247143340403, 0.22209587292905142, -0.46750691051384496, 0.8931112082701169, -0.41854377786491903, -0.5482263268668266, -0.49921025384877926, -0.3522425410958081, 0.6999817494429015], 'fitness': (0.9520345899793837,), 'features': (-1.2243288, -9.286545)}]","[{'name': '1710162796903-300', 'genom': [0.7449712489241955, -0.7883890517631105, 0.6329052937711228, 0.45130381831733324, 0.02451374467046641, -0.7882230226894069, -0.6968752733728545, -0.458381892584905, 0.25572257357961714, -0.2020147321491057, 0.4913189157998261, -0.6471891867911439, 0.13260848103211242, 0.5748696868888501, -0.9787392094777603, 0.01640882377927988, 0.002800317763888893, -0.1820073177830439, -0.4131174222242979, 0.06860553176526785, -0.41019211474270634, 0.6005662944599388, -0.1454539471374603, 0.9868412017892223, -0.8196107892061122, 0.29596864065910244, -0.9586989363435745, -0.12281836170770521, 0.7793959438908982, -0.5472402782274626, 0.9408899232455408, 0.33064234679664106, -0.0974784127105992, 0.6085626169396046, -0.26127920969302343, -0.04858952817989648], 'fitness': (0.9558225923114353,), 'features': (-1.1882925, -8.348512)}]","[{'name': '1710162091566-111', 'genom': [-0.7616581744037385, -0.13574565756710433, -0.9054956593886734, 0.3010772260311796, -0.08090698400838892, -0.34908197637859817, -0.6398995963145937, -0.4742095311341419, -0.3656059709121604, 0.02709407950211129, 0.7982592420026628, 0.7827709867501855, 0.8275891087655949, 0.09543925296450917, -0.516347506108028, 0.17372749973550294, 0.7739489347328476, 0.5691794898199589, -0.1860926648388317, -0.7847610305831922, -0.8167029137976831, 0.12827160977818686, 0.2925347341853497, 0.9957085761117557, 0.6008332228915283, 0.5941373275359692, 0.6572387752142268, 0.5089835879949685, -0.5211551792118319, -0.5078601020206703, 0.09570673710969091, 0.6183889849285253, 0.20612024200406465, 0.1690041206477899, -0.8421335060936619, -0.4056544090712553], 'fitness': (0.979619836807251,), 'features': (-1.5544937, -7.2647185)}]","[{'name': '1710161753639-26', 'genom': [0.03208130291661204, -0.5910914859031748, 0.7321406319031547, -0.41252284437317077, -0.18561085444787917, 0.09239789527447573, 0.7098267796699418, -0.44081004988302896, -0.13118482213650395, -0.2935852387076381, -0.08484668954992669, -0.9760191853157432, -0.17013380139223822, 0.21191982415851118, -0.20371766369030642, -0.6891790266001114, 0.630279305701748, 0.2620061139143297, -0.44203872102682507, -0.3241454912884105, -0.14840831965092738, 0.2701212230399499, 0.0678010086673424, 0.8876590688410175, -0.5229987219685885, -0.31394434038027796, -0.529881606039516, -0.3840247143340403, 0.22209587292905142, -0.46750691051384496, 0.8931112082701169, -0.41854377786491903, -0.5482263268668266, -0.49921025384877926, -0.3522425410958081, 0.6999817494429015], 'fitness': (0.9663692898220486,), 'features': (-1.1837, -6.6671333)}]","[{'name': '1710166670846-1310', 'genom': [0.3040101426566273, 0.045652385961204134, 0.22406372734440771, -0.9782695010429612, -0.16066776088787793, 0.6686016109550481, 0.6432169594201578, 0.5802944117724596, 0.6372722333683194, -0.9974666230170168, -0.7070634565207199, 0.32579479867926464, -0.6108763863594295, 0.41255708344257247, 0.3591966913888818, 0.23456542200983987, 0.6034032649578676, 0.4447683799643518, 0.6977523766903124, 0.41521442274979803, 0.2386765366512531, -0.45298124539397544, -0.07059216770370447, 0.587082355739746, 0.07457629941544552, -0.46611944370182634, -0.17656473311319432, 0.5681369554661535, 0.4422541653055092, -0.38191363574296844, 0.6245606013332847, 0.8291589457696995, -0.7748526693466857, 0.4955671334321454, -0.2798783511346645, -0.9109421454514399], 'fitness': (0.9966351615058051,), 'features': (-1.1373703, -5.5045977)}]","[{'name': '1710181724234-5282', 'genom': [-0.8878721651354398, -0.3090645742366831, 0.7491879681311635, 0.5083544295393896, 0.9279684910046788, 0.8911458410507271, -0.4760131259468101, -0.9492419099511067, -0.02364371265200993, -0.5555095892216853, 0.754606327126107, 0.7746651729915244, -0.7313723289441063, 0.3928342157502749, 0.2515282498746678, 0.9923318031190977, 0.40992096888885365, 0.32378351924416005, 0.810909282363037, 0.5888113796771619, -0.7977651212228829, -0.44231278723998657, 0.8284274219130572, 0.13917682833249168, -0.9740302357859536, -0.11412302357375737, 0.9929638129034413, -0.6596237864501875, 0.5254244213438146, 0.43343571776656464, -0.549352798023133, 0.25334480619832256, -0.5267312463787888, 0.2881986884364762, 0.2525682221257364, 0.036197342715124536], 'fitness': (0.9863777372572157,), 'features': (-1.5063993, -4.2675486)}]","[{'name': '1710182803813-5568', 'genom': [0.19312255645994858, -0.6406200622659552, -0.7915586228087315, 0.06474908060795026, 0.826913583044101, -0.9703706048938228, -0.5010491642952986, 0.41289288130039314, 0.7060305196738246, 0.8150359664968361, -0.8531932533228042, 0.41287224576527026, -0.3491846649933297, -0.35810774678819457, 0.010110983543129226, 0.952670452709611, -0.2501976108789983, -0.06117989716801775, -0.1568639769755289, -0.38262252190090695, 0.8219746823032272, 0.9339762368388331, 0.9638064830005892, -0.3342551685445354, 0.4547404571955256, -0.9029937343113039, 0.18785048736192222, -0.4370931342365043, 0.5853573668738778, 0.1007923904943877, 0.6306013241308537, -0.8843105885189457, 0.8271803366326405, -0.7456357532240858, 0.20940534794955523, -0.5251079478738343], 'fitness': (0.9903934564855363,), 'features': (-1.5199139, -3.599304)}]","[{'name': '1710161697171-12', 'genom': [0.3233662801449073, 0.6838207427730612, -0.13127874537666773, 0.38609145626646924, -0.9259870144565594, 0.7000065965390827, -0.04046284218270957, -0.06005321179402423, 0.34132627378619906, -0.41729148277832473, 0.013354667864527103, -0.7839249678409876, 0.2875642424213598, -0.5233522006493729, 0.23921626199539392, 0.3842943141077042, -0.32546520568042925, -0.5180623424262556, 0.784027429778728, 0.28082696332175106, -0.9600528529424257, 0.39715229085048054, -0.6976841964402407, 0.09979473502369185, -0.9022661539960297, -0.4401569564300576, -0.4845178240862391, -0.7268601835382673, -0.8153565771282785, -0.6389261116117841, -0.07001822528241308, 0.8363226224524898, 0.3740193420190647, -0.8644894410719441, -0.16615538393499896, -0.9716461176849642], 'fitness': (0.9976664649115669,), 'features': (-1.3385122, -2.3232176)}]","[{'name': '1710165480048-1011', 'genom': [-0.7496136004965217, 0.7446756562639278, 0.16346207366365295, 0.6213239102043211, 0.9957295729358586, -0.9610645780659686, -0.4284356627667738, 0.29688472916199005, 0.17190492992480166, -0.41545269002727725, -0.08908976266394841, -0.4488799466369078, 0.2506252242410625, 0.8298622268488596, 0.955366911980505, 0.5316508087151852, -0.13937110434291577, -0.7618224120599189, 0.8236281218093553, -0.5056752531247557, -0.10591634935594119, 0.20583118385292565, 0.318918301498605, 0.5288322960274785, 0.9599735698303358, -0.8574683054317587, 0.5741324268832695, 0.6665297263433871, 0.12188200719947839, 0.9898669803544895, 0.8993822628127974, 0.13385581328064267, -0.5166154385008384, -0.17648913624774276, 0.07057230603032338, 0.05056871314935618], 'fitness': (0.9990341777602831,), 'features': (-1.886066, -1.9511038)}]","[{'name': '1710177058981-4061', 'genom': [0.4472977437386907, 0.07336001386089852, 0.44614929223619026, 0.5456700871766162, -0.012203209212157562, 0.9998872815594779, -0.13748791356919288, -0.3218053117912061, 0.4781370232860689, 0.4498092583695994, -0.5299276695865767, 0.17540000451331905, 0.13505010991024702, -0.24831839461022676, -0.9873787633296343, 0.41096377061614797, 0.5671544941499509, -0.5473585290719409, 0.2783528112626641, 0.05076948825362737, 0.7750047001862856, 0.5990595169725279, -0.3640452467891728, 0.7156288494348253, -0.2562057278224099, 0.4269219249481724, 0.9389093272143625, -0.46269154304234106, 0.0672937208832185, -0.6611364420743076, 0.5346630809382971, 0.6077084073649548, 0.8808344829367767, -0.44134478334296223, 0.6900052008099598, 0.042292073646580386], 'fitness': (0.9979733622736401,), 'features': (-1.8394734, -0.7878438)}]","[{'name': '1710164449505-735', 'genom': [-0.9648981761304019, 0.8269663671622156, 0.4830035080643318, -0.5281536428750506, -0.5233654661309677, -0.13874012557080384, -0.40695216089579267, 0.5696287850935311, -0.71622601247603, -0.2802186400682505, -0.22335570500981183, -0.6609030735383827, -0.5098307710856549, 0.44068292439378776, 0.3422991636089254, 0.7323632488490761, -0.0011900543407665776, -0.5128227547069935, -0.6641932630108796, -0.694604143518389, -0.6646755829807003, -0.5802055676837057, -0.2812098812025903, 0.06623395896682238, 0.2387340007652834, 0.39494417419103556, -0.5682072870877104, -0.48039890820630227, 0.5800879197100148, 0.01171186098626631, 0.19211396028339944, -0.060759989701487216, 0.8796669569963818, -0.670811668577993, 0.20425344970977677, -0.7504015164839426], 'fitness': (0.999800132173631,), 'features': (-1.7302301, 0.39987478)}]","[{'name': '1710164449505-735', 'genom': [-0.9648981761304019, 0.8269663671622156, 0.4830035080643318, -0.5281536428750506, -0.5233654661309677, -0.13874012557080384, -0.40695216089579267, 0.5696287850935311, -0.71622601247603, -0.2802186400682505, -0.21135048280650115, -0.6609030735383827, -0.5098307710856549, 0.44068292439378776, 0.3422991636089254, 0.7323632488490761, 0.19546695053163865, -0.5128227547069935, -0.4781603088733528, -0.694604143518389, -0.6646755829807003, -0.5802055676837057, -0.2812098812025903, 0.06623395896682238, 0.2387340007652834, 0.39494417419103556, -0.4938519300427697, -0.4850154712705317, 0.5800879197100148, 0.01171186098626631, 0.19211396028339944, -0.060759989701487216, 0.8796669569963818, -0.670811668577993, 0.20425344970977677, -0.7430040477022535], 'fitness': (0.9979622128936979,), 'features': (-1.0628741, 1.9547639)}]","[{'name': '1710162143679-124', 'genom': [0.9607196059507102, 0.05431747559350675, 0.8714747932207592, 0.9474270159049418, -0.4414069295431744, 0.5180476663177687, -0.94193363863991, -0.17892718865168122, 0.40087542443503743, 0.15175358181806264, -0.9930713535103051, 0.42125905963221055, 0.2298407750755762, -0.5622018612147461, 0.06113471808977655, -0.006110945313225535, -0.3714043852025757, -0.11402353482550254, -0.9946421318030814, -0.9412721372083481, -0.9647180572313749, -0.9550827626476968, -0.8414128510066012, -0.4438508016488458, 0.31374540717237376, -0.3329313339800304, -0.983063930913594, -0.6992415680756019, -0.37904076816205046, 0.7371633739753647, 0.681282490291063, 0.5492283865715293, 0.7822697709035078, -0.9189567187642573, -0.8367197920643281, 0.5062659117262203], 'fitness': (0.9975001864963108,), 'features': (-1.2857292, 2.5524976)}]","[{'name': '1710195679864-8956', 'genom': [-0.6205677046375018, -0.6042422556649301, -0.22417124078806516, 0.24257431084391334, -0.6847913937822443, 0.8583148921306629, 0.5477941655313319, 0.6374243374248358, 0.9990282038070151, -0.43256515033554677, 0.2031369191666783, -0.9575829741045467, -0.20377118906884317, -0.5417004849165294, -0.5690929053736107, 0.12255303631207215, -0.4417177280685365, -0.702136105677297, -0.06624997000430599, -0.17969191214231506, -0.12004442633344636, -0.0789333123764202, 0.2851458427913345, 0.33524301006525126, -0.24387358259930503, -0.9597354000463996, -0.6353466453127137, -0.7603452511510176, -0.634423867998207, 0.022858231556341257, 0.7231019035138446, 0.5685426209276332, 0.37307759717824784, 0.5454691026570884, -0.824564651736986, -0.5995717551951021], 'fitness': (0.9982263194190131,), 'features': (-1.9222192, 3.8540788)}]","[{'name': '1710162372442-182', 'genom': [-0.08428018583886399, 0.14146190799081948, -0.08256603823889042, -0.3607344624658517, -0.18373289109160051, -0.574180689280458, -0.09691653249642718, -0.3130691020644547, 0.009514478003263438, 0.04398761721298783, 0.04824366246484457, -0.796050595170648, -0.35246865003863315, -0.3860094657438804, 0.5721679457963504, 0.11581353179062681, 0.001496813702567934, -0.19371011216554002, 0.17142280461318182, -0.9872874689485371, -0.7387968506516709, -0.7277362871061617, -0.15103929120214143, 0.3150577955085896, 0.019628485413409447, 0.2464978361304191, 0.8612989704335379, 0.9727503770698294, 0.7762781405910719, -0.7876935410362274, 0.16729075201265786, 0.2901558820211405, -0.19540107289723974, 0.682369756687621, -0.46534821513641034, 0.42556336891763924], 'fitness': (0.9864027553134495,), 'features': (-1.2575172, 4.867461)}]","[{'name': '1710162372442-182', 'genom': [-0.22606039473791784, 0.05469743648232006, -0.11501054962698887, -0.10431105839682187, -0.29555969423264994, -0.4448903022229951, -0.2768370563058844, -0.3130691020644547, -0.014022197781874857, 0.04248202820957725, 0.057944007436288913, -0.7015109340983179, -0.3223169364312062, -0.3667800637942924, 0.9553955488368111, 0.06488888224647016, -0.3695266134439825, -0.17414334585202051, 0.17142280461318182, -0.8744855322399887, -0.5569302266581799, -0.7277362871061617, -0.3653410817961269, 0.5248201299047244, -0.2596898093696922, 0.419230619822756, 0.7380696248680454, 0.9618750120197546, 0.7762781405910719, -0.7426034263799333, 0.6080265179378261, 0.05417461001596813, -0.2625162885126726, 0.5283314956808711, -0.09852572567649975, 0.28440848925917206], 'fitness': (0.9731965170966255,), 'features': (-1.3743107, 5.58844)}]","[{'name': '1710162372442-182', 'genom': [-0.23358767928059598, 0.14146190799081948, -0.11501054962698887, -0.12677506020076001, -0.15036301918401263, -0.24953870543719403, -0.41034391519629176, -0.3130691020644547, -0.007604008486667757, 0.10083801516419921, 0.19816433978413728, -0.7015109340983179, -0.3603195128080874, -0.3667800637942924, 0.9553955488368111, 0.09228486936192071, -0.07500903642522672, 0.2503931846312839, 0.051011497728736366, -0.9476852301422152, -0.6566099239784113, -0.7636075428273004, -0.4650855168973276, 0.5248201299047244, -0.09626636654815135, 0.510443880599633, 0.9537408559672682, 0.9799517946513168, 0.7762781405910719, -0.7876935410362274, 0.6585120421227102, 0.26620328575877816, -0.2625162885126726, 0.5283314956808711, -0.31177019553018614, 0.36066536616521927], 'fitness': (0.989549728234609,), 'features': (-1.5061547, 6.8212705)}]","[{'name': '1710167552399-1555', 'genom': [-0.3795617854320388, -0.940250853489141, 0.11629767374946587, -0.31775955657860444, -0.9805914864742147, -0.09461272662968656, -1.9819371440688016e-05, 0.056945769884237274, 0.056345675323967725, 0.8942405366712065, -0.6846456632505824, -0.16887937080352877, -0.32294103328943935, 0.32469723608091927, 0.3964184160002071, 0.8691656427014403, 0.27570074754697216, -0.3969661761086192, 0.2039394426840193, 0.7700035603251878, -0.5709967734053825, -0.704490177937416, -0.48194346291445767, -0.1462154119221608, 0.4032956256403768, 0.5050320715321728, -0.8952044056087818, 0.423640027851077, -0.02333612974949273, -0.3333990633984112, -0.0708265193168609, 0.12743835953771532, -0.0975234591416343, 0.8768436777395474, 0.17495850161900628, 0.45011624685420903], 'fitness': (0.9941403574413723,), 'features': (-1.041404, 7.141981)}]","[{'name': '1710162372442-182', 'genom': [-0.22606039473791784, 0.14146190799081948, -0.43245127451820276, -0.10431105839682187, -0.5183304263499828, -0.49024216831643797, -0.06001133315351059, -0.08134819285929784, 0.07548485634257118, 0.02141432388974107, -0.05472671047676747, -0.7015109340983179, -0.5775849898412282, -0.3667800637942924, 0.9553955488368111, -0.014778423098058324, -0.13582668027830946, 0.1297348935715179, 0.3820260174096677, -0.9299025344421523, -0.7111856932918967, -0.8126867354317524, -0.620405732108904, 0.5248201299047244, -0.30406553439049877, 0.4866191295598372, 0.9537408559672682, 0.9618750120197546, 0.8560860096427911, -0.9056208265676264, 0.45049171046217973, 0.14646631629660134, -0.2625162885126726, 0.44311646135288796, -0.2446859339787275, 0.5029524313675069], 'fitness': (0.9919668575127919,), 'features': (-1.7318777, 8.870159)}]","[{'name': '1710162372442-182', 'genom': [-0.22606039473791784, 0.14146190799081948, -0.16172213678646452, -0.10431105839682187, -0.5183304263499828, -0.49024216831643797, -0.06001133315351059, -0.22308396668645214, 0.009514478003263438, 0.04248202820957725, -0.022499381589921708, -0.7015109340983179, -0.5230871448677323, -0.3667800637942924, 0.9553955488368111, 0.06996832176904433, -0.13582668027830946, 0.1297348935715179, 0.3820260174096677, -0.8119999916759693, -0.7111856932918967, -0.7439080231552568, -0.5717092363539975, 0.5248201299047244, -0.30406553439049877, 0.419230619822756, 0.9537408559672682, 0.9618750120197546, 0.8169029005443651, -0.8610855192445135, 0.7804200232178826, 0.14646631629660134, -0.4766123135756173, 0.5283314956808711, -0.2446859339787275, 0.5544204842576437], 'fitness': (0.9971591568655438,), 'features': (-1.6143304, 9.992435)}]"
9,"[{'name': '1710161753639-26', 'genom': [-0.09092459345255177, -0.8402952668005494, 0.9851658001298946, -0.24422371035851254, -0.18561085444787917, 0.41513790443619425, 0.8465030902476363, -0.23932827344797536, -0.22885882713766237, -0.3016018671137308, -0.09637856966847624, -0.8340384644258225, -0.1715331443544139, 0.06487102314884119, -0.35445448715850736, -0.5747220227990144, 0.6225913838088764, -0.1405739189104005, -0.5687679944186861, -0.12507318512297871, -0.152538577218164, 0.4604541808621456, 0.24330594834811103, 0.8515611559981644, -0.44513309747111074, -0.5729290157739726, -0.36950911989345037, -0.8687574913324771, 0.2221647742867101, -0.348051449651799, 0.900812754985951, -0.41854377786491903, -0.5482263268668266, -0.46700190137347475, -0.37824457986408855, 0.8492912886160415], 'fitness': (0.9853433595763312,), 'features': (-0.81544095, -9.89305)}]","[{'name': '1710162796903-300', 'genom': [0.803147401065881, -0.7531689151718708, 0.6082910120037401, 0.3593429610537897, 0.11450313456806294, -0.774449719657925, -0.8642806119924069, -0.4600731733341368, 0.19784144926496317, -0.20370232879954453, 0.4913189157998261, -0.6856516356155573, 0.15978474979030755, 0.6255903997922878, -0.9351061219171499, 0.01640882377927988, 0.002800317763888893, -0.2583888867693047, -0.31738930886132266, 0.06860553176526785, -0.4073335373420681, 0.6005662944599388, -0.08823346148432809, 0.9868412017892223, -0.5979566864461487, 0.4404113256962705, -0.80822592252572, -0.12281836170770521, 0.7793959438908982, -0.5554639011164888, 0.9408899232455408, 0.33064234679664106, -0.09653974231448137, 0.764604809039614, -0.3032023126647514, -0.22457610951954288], 'fitness': (0.9891108002927568,), 'features': (-0.7613872, -8.504982)}]","[{'name': '1710162796903-300', 'genom': [0.7449712489241955, -0.7883890517631105, 0.6329052937711228, 0.4093741324068896, 0.02451374467046641, -0.7882230226894069, -0.6968752733728545, -0.458381892584905, 0.25572257357961714, -0.2020147321491057, 0.4913189157998261, -0.6471891867911439, 0.13260848103211242, 0.5940160512483736, -0.9351061219171499, 0.01640882377927988, -0.025614623886863086, -0.1820073177830439, -0.386764532474573, 0.06860553176526785, -0.41019211474270634, 0.4716545096481879, -0.1454539471374603, 0.9868412017892223, -0.8196107892061122, 0.29596864065910244, -0.911856604503779, -0.12281836170770521, 0.7793959438908982, -0.5472402782274626, 0.9408899232455408, 0.33064234679664106, -0.0974784127105992, 0.7231445090227882, -0.26127920969302343, -0.04858952817989648], 'fitness': (0.9977957152658039,), 'features': (-0.23709965, -7.042555)}]","[{'name': '1710162796903-300', 'genom': [0.7449712489241955, -0.7883890517631105, 0.6329052937711228, 0.44358637552585667, 0.02451374467046641, -0.7882230226894069, -0.5273037222809107, -0.458381892584905, 0.25572257357961714, -0.2020147321491057, 0.4913189157998261, -0.6471891867911439, 0.13260848103211242, 0.5940160512483736, -0.9351061219171499, 0.01640882377927988, 0.002800317763888893, -0.1820073177830439, -0.4131174222242979, 0.06860553176526785, -0.41019211474270634, 0.6005662944599388, -0.1454539471374603, 0.9868412017892223, -0.8196107892061122, 0.29596864065910244, -0.911856604503779, -0.12281836170770521, 0.8670789044521467, -0.5472402782274626, 0.9875340021613519, 0.528134934859932, -0.0974784127105992, 0.6408913669825698, -0.26127920969302343, -0.04858952817989648], 'fitness': (0.9956485208537843,), 'features': (-0.2703665, -6.626763)}]","[{'name': '1710162571173-234', 'genom': [-0.6730004471617765, 0.3340644746269108, -0.21478883731372234, -0.5807029159687889, -0.44086681680792617, 0.786482604096896, 0.7762376480396351, -0.17652854499023074, 0.9202513725408887, -0.3981206109506812, -0.6029506887164713, -0.7799534640944565, 0.741255531985374, 0.5957100689326758, -0.11962619486407045, 0.03719978752578723, -0.30427270451767185, -0.008797687971251689, -0.1611530753293673, -0.26134422812444313, -0.5272929821327978, -0.14807274350927568, 0.10914659156739792, 0.7955301633749563, -0.8923948890249975, -0.001861761094675396, 0.05753040673532328, 0.09899661527781767, -0.0691562049323371, -0.38443328566276613, 0.008065623123787002, -0.9903587472601485, -0.36092708347955815, 0.9729314676036334, -0.19459912282824843, 0.48207276574517444], 'fitness': (0.9997490273581611,), 'features': (-0.045281556, -5.7524233)}]","[{'name': '1710187245752-6730', 'genom': [-0.8204050413915762, -0.6395685051252, 0.01863380705797235, -0.44361150288251805, -0.06716967674444851, -0.00974087103150989, -0.5546888926906306, 0.2211485414261114, -0.45712745137839295, -0.35672946975802833, -0.03827034117645911, -0.24318364519805535, -0.2932975217067382, -0.9588458675724991, 0.43878564685061705, 0.21381326918216215, 0.21408294058448862, -0.7299387185706385, -0.712636537328194, -0.15233170598567902, -0.8328784585435758, -0.18860397365148995, -0.30955150972529255, 0.3818697703756231, -0.1464272647584517, 0.011357499045042019, 0.9673040379861735, 0.30513498188249244, 0.6379712682292307, -0.6779624215314655, 0.0988006276840967, -0.051154090044298606, 0.7898711526327564, -0.14101454023887117, -0.5967952383242845, 0.7038373226421508], 'fitness': (0.9863566875457763,), 'features': (-0.32996956, -4.262223)}]","[{'name': '1710179377570-4671', 'genom': [0.7278990221434867, -0.7435328335488203, 0.6665366159285071, 0.8061518126568339, -0.17292245198034517, 0.021861312761139784, 0.343522894635635, 0.6151403163694993, 0.8697517539344546, 0.5800330857525349, 0.042853020791504104, 0.3332609212000379, -0.7131719283978559, -0.4902227038035347, -0.538788109230564, 0.9088691984541557, 0.3988425649706222, -0.1658246395769285, 0.29124187419522807, -0.5870079075556016, 0.6293298720032734, -0.5453379247232608, -0.03628932149143238, -0.7849135081034289, -0.4801387916499835, 0.6061221639240009, 0.3595413177108313, -0.26462290825808576, -0.937437161639227, 0.8385664459651005, 0.7238419062535313, -0.1992679233191723, -0.14001164750749506, -0.056832804490652755, 0.400463920171509, 0.09160332154874506], 'fitness': (0.9474511040581597,), 'features': (-0.9067744, -3.71045)}]","[{'name': '1710192170557-8026', 'genom': [-0.645217901097723, -0.9957098439205796, 0.6390599124715968, 0.7917965697730189, 0.6708670826142222, 0.24691607138603588, -0.5878822421922301, 0.19717364525501324, 0.3121422220131509, -0.5873813258231944, 0.9757893809179423, 0.3971126578766946, -0.22717013077300097, -0.9947246850267937, -0.07360227055539914, 0.5190079914250927, 0.9098438259224928, -0.4430244105945258, -0.842286075330454, -0.5672708720138344, -0.22047046796098457, 0.2943183126823019, 0.8666451601649485, 0.631446078657703, 0.8103254763389334, -0.03392020900690684, -0.06126299894357934, -0.7893311912429462, -0.04565884984200497, -0.7613091621627608, -0.6438012663211536, 0.0657054000744477, -0.6700300442529656, -0.439995288708003, 0.5602267056110957, 0.41764291104834395], 'fitness': (0.9928706804911296,), 'features': (-0.37499234, -2.2708027)}]","[{'name': '1710185020675-6147', 'genom': [0.25237554032572174, 0.6456646704373807, 0.20183495202926927, 0.6959494036447778, -0.638887461532677, -0.9813211972938356, -0.14561779558945442, 0.13430290470800865, 0.325791694941699, 0.11297160283243501, -0.9335430412970032, -0.416054999795189, 0.09655018378271873, 0.26413496523475866, -0.18085971785640842, -0.43237054395906727, -0.5384034203205639, 0.5935763913578833, 0.5205680916704092, 0.3610439808518009, 0.8535236587502646, -0.9200427584745341, 0.07706238553175204, 0.8054826482914481, 0.30905402625889344, -0.7236971425524239, 0.8571047656274449, 0.010875308278606166, 0.3650807756740069, 0.4778661606857757, 0.4447175089227091, 0.2684624926632617, 0.06417830350122511, 0.19340098507851566, 0.4562732479462859, 0.719657146702352], 'fitness': (0.9992046991984049,), 'features': (-0.22537626, -1.5503222)}]","[{'name': '1710195071110-8803', 'genom': [-0.5235338933510603, -0.6455059563302206, -0.521335118838119, -0.5545553631211915, -0.318997993172351, -0.07877224871535571, -0.17901943310113788, 0.5392610458447842, -0.9343963748306761, 0.20536743124893242, 0.6654550585357126, -0.37805042785926624, -0.010067132367481468, -0.6386057786909642, 0.6831119164856787, -0.024341825973525966, -0.3916530136104941, 0.8796440907630614, 0.41859895325409857, -0.6631590189433869, 0.4441020630326624, -0.38895253130266005, 0.16059465683988217, 0.8499899428253912, -0.4097950247354012, 0.19040698591678606, -0.4618079180916994, -0.875771396062325, 0.7780265855328614, -0.4817149189249299, -0.1536730989807482, -0.15702115637108682, 0.5576126741542817, -0.831371288735731, -0.7480101799832362, 0.03614453269831519], 'fitness': (0.9995198758112059,), 'features': (-0.19248576, -0.5711177)}]","[{'name': '1710167552399-1555', 'genom': [-0.3795617854320388, -0.940250853489141, 0.11629767374946587, -0.31775955657860444, -0.9805914864742147, -0.0878404049939352, -1.9819371440688016e-05, 0.056945769884237274, 0.056345675323967725, 0.8942405366712065, -0.6846456632505824, -0.16887937080352877, -0.29003486924050126, 0.2329973090110533, 0.3964184160002071, 0.9465299993143865, 0.2796103979059452, -0.3969661761086192, 0.2039394426840193, 0.7268559412119708, -0.5709967734053825, -0.704490177937416, -0.48194346291445767, 0.03584210512460406, 0.4032956256403768, 0.5050320715321728, -0.8952044056087818, 0.423640027851077, -0.02333612974949273, -0.3333990633984112, -0.0708265193168609, 0.28493618621918704, -0.0975234591416343, 0.8768436777395474, 0.3416517054964592, 0.45011624685420903], 'fitness': (0.9948957655164931,), 'features': (-0.75787354, 0.49737135)}]","[{'name': '1710172474694-2853', 'genom': [0.41321033950320674, -0.508689835674935, 0.6141646561907412, -0.6206235876612909, 0.17620328025274157, -0.8258712691028993, -0.9323146489859069, 0.8944612329184578, -0.31348161540362574, -0.14385650672713912, 0.3535266669214925, 0.2574883353291386, -0.1001336828363788, -0.5857662617105619, 0.32717583934633687, -0.41964790187060697, 0.5979723011825508, -0.9610295195445915, 0.6917049595705429, -0.06591377316845515, -0.3830308372544411, 0.7304071757944754, -0.20916623391862244, -0.402766048505826, 0.25550921330407883, -0.9796402150838801, 0.16900558934113397, 0.7845482667901018, -0.888088451909937, -0.6843984581404179, 0.11560921998991458, -0.5705901531524318, 0.5145688651748166, -0.3313936164372604, 0.2497306275644826, -0.2673695487654648], 'fitness': (0.9968956245316399,), 'features': (-0.8001525, 1.4786505)}]","[{'name': '1710184468186-6002', 'genom': [0.7035605469986286, 0.6295282186138322, -0.2847549424733644, -0.9225323111708541, -0.47108126463023936, -0.7890331567643629, 0.536954636210313, -0.00977786750748022, -0.5967310877144554, -0.8895361592459312, 0.20640503190051773, -0.694993573343387, 0.3273286195837988, 0.6698240363196177, -0.19884494124408403, 0.34116168659052737, 0.5683071878612653, -0.6904996201586464, -0.5635347433591831, -0.23678072727696398, 0.2148322200742876, -0.8178622437856322, -0.6728684558472744, -0.4149918389451215, 0.28744067961120856, -0.7561096191497256, -0.9378456658960925, -0.32711633789807015, -0.8940121702897197, 0.2318808649380335, 0.2751410790297262, -0.7226094601974822, -0.308555100654772, 0.4359537460074143, -0.1232683017015681, -0.9717885271359081], 'fitness': (0.997091472811169,), 'features': (-0.32334122, 2.0970268)}]","[{'name': '1710176275121-3863', 'genom': [0.43783422093414304, -0.10427395831037312, -0.37101579163135257, 0.1196357011772673, 0.8128558498866498, 0.38061681222912913, -0.9156143216546175, 0.5035899564595134, -0.2971561898292854, -0.33531024550784694, -0.8727481760055738, 0.48648342731100813, 0.43421631697757546, -0.29080329466053545, -0.5210416070715025, -0.400806053201058, 0.7400161021819314, -0.9737024036803164, 0.859936439777051, 0.40324706423811696, 0.49896480461727166, -0.7326581421788725, 0.6241902884922541, 0.8840334186294012, 0.1375946861783377, 0.7780585234204407, -0.44187878912716294, 0.3131699499688696, -0.4674223997556348, 0.6429997159206966, 0.5621593191798733, 0.5422360611843811, 0.03347179444754955, 0.18537756919396764, -0.9093159807024827, -0.6688327110520489], 'fitness': (0.9955416401227315,), 'features': (-0.5864562, 3.249695)}]","[{'name': '1710192184731-8030', 'genom': [0.0019975197266752787, 0.08538675429623677, 0.8563601930831879, 0.33862576214027196, 0.8069896274290576, 0.47888248268858336, -0.17537782628722853, 0.04123521803477326, 0.38031791511710766, -0.709372970240512, 0.9536406968583866, -0.8755798780513346, -0.6662377595491031, 0.928914135939175, -0.09940197128035844, 0.1866417252630055, 0.03309726963227044, -0.39817436204687007, -0.24572545845602045, -0.7985939593382947, -0.8680834418930958, 0.9244954154928753, -0.4920913523843957, -0.2637947961564413, -0.329491720253803, -0.4368199666017758, -0.22403702136410897, 0.7407863428994772, -0.969647053745053, 0.4432647388732065, -0.08357999772690095, 0.07240879462260108, 0.45809404575621504, -0.8310890197169114, 0.6064462005219042, -0.8348718369056833], 'fitness': (0.9933767451180352,), 'features': (-0.70903844, 4.2641034)}]","[{'name': '1710162372442-182', 'genom': [-0.08428018583886399, 0.14146190799081948, -0.08256603823889042, -0.35876285240253436, -0.18373289109160051, -0.574180689280458, -0.09691653249642718, -0.3130691020644547, 0.009514478003263438, 0.04398761721298783, 0.04824366246484457, -0.796050595170648, -0.35246865003863315, -0.3667800637942924, 0.6007578409900163, 0.11581353179062681, -0.14012624767133186, -0.19371011216554002, 0.17142280461318182, -0.9476852301422152, -0.7448630711816202, -0.7277362871061617, -0.15103929120214143, 0.5248201299047244, 0.019628485413409447, 0.17066233165675815, 0.8514772427965571, 0.9732987867437912, 0.7762781405910719, -0.7876935410362274, 0.16729075201265786, 0.2901558820211405, -0.2625162885126726, 0.5283314956808711, -0.46534821513641034, 0.33916588695013083], 'fitness': (0.9737920045852662,), 'features': (-0.04479491, 5.127718)}]","[{'name': '1710162372442-182', 'genom': [-0.22606039473791784, 0.14146190799081948, -0.11501054962698887, -0.3657390369973508, -0.18373289109160051, -0.4448903022229951, -0.09691653249642718, -0.3130691020644547, 0.009514478003263438, 0.04248202820957725, 0.057944007436288913, -0.7015109340983179, -0.35246865003863315, -0.3667800637942924, 0.71556690750945, 0.09228486936192071, -0.14012624767133186, 0.050928808232993505, 0.17142280461318182, -0.9476852301422152, -0.6698092024838096, -0.7277362871061617, -0.3653410817961269, 0.5248201299047244, -0.2596898093696922, 0.17066233165675815, 0.8844999336021167, 0.9618750120197546, 0.7762781405910719, -0.7876935410362274, 0.6340105561757066, 0.14646631629660134, -0.2625162885126726, 0.5283314956808711, -0.30498418530101734, 0.33916588695013083], 'fitness': (0.9720120694902208,), 'features': (-0.70292413, 6.445355)}]","[{'name': '1710161673215-6', 'genom': [0.43167362977489265, 0.8914552302512346, -0.2818387486524163, -0.30908737232922867, 0.28641969754071117, -0.563479186542299, 0.33868783768083865, 0.37183954518118334, -0.8829735568041968, -0.13268061477340343, -0.23877692020282848, 0.23382378288797545, 0.5795081071607247, -0.24316442288988305, -0.9148451639433135, -0.3190859777652202, -0.2563073116131023, -0.06924817816912743, -0.21105719255530353, 0.2259777872285358, -0.5506487313608868, -0.3629392751328686, 0.6867465919526459, 0.6912810172469037, 0.15363083161524793, 0.9033224736831746, 0.8881905167823909, -0.03605016805641825, -0.8122889185635549, 0.7383003556696521, -0.9769594522337657, -0.25308782105945316, -0.905741230112034, -0.5418258050696927, 0.21181509267890686, -0.8740175370494894], 'fitness': (0.9979725307888455,), 'features': (-0.14513901, 7.2322493)}]","[{'name': '1710162372442-182', 'genom': [-0.22606039473791784, 0.14146190799081948, -0.37265313569731173, -0.10431105839682187, -0.5183304263499828, -0.49024216831643797, -0.06001133315351059, -0.08134819285929784, 0.009514478003263438, 0.046624251135013006, -0.05472671047676747, -0.7015109340983179, -0.5775849898412282, -0.3667800637942924, 0.9553955488368111, -0.014778423098058324, -0.13582668027830946, 0.1297348935715179, 0.3820260174096677, -0.9299025344421523, -0.7111856932918967, -0.8126867354317524, -0.5717092363539975, 0.5248201299047244, -0.30406553439049877, 0.4866191295598372, 0.9537408559672682, 0.9618750120197546, 0.8560860096427911, -0.8610855192445135, 0.7154847394182384, 0.14646631629660134, -0.2625162885126726, 0.4560802475129031, -0.2446859339787275, 0.5029524313675069], 'fitness': (0.975085088941786,), 'features': (-0.91242456, 8.836032)}]","[{'name': '1710185581591-6308', 'genom': [0.7316250115247493, -0.44085936375542256, -0.85215777204469, -0.6228235510428182, 0.03684366257409821, 0.07976469981244949, -0.401263589151313, 0.8850981069943955, -0.7253798582911324, -0.20793139860998444, -0.8070608942505628, 0.8022976690643318, 0.7182638328906548, -0.7086505552417182, 0.7940835181729957, 0.7036784628373021, 0.8731590012403685, -0.014903976414856857, -0.0744886230785553, -0.02320193730984066, 0.6848531723937845, -0.6482999676901839, 0.25506303985005063, 0.04876687531305346, 0.421172220720089, 0.9268469404013797, 0.11568898156903251, 0.7273620952064266, -0.2599561695728665, -0.5357364818861754, 0.3717929788835883, -0.4958979864045965, -0.9046542302763123, 0.31873621843997113, -0.028711849559446057, -0.11665895989987263], 'fitness': (0.9378872765435113,), 'features': (-0.53454584, 9.522269)}]"
10,"[{'name': '1710162079520-108', 'genom': [-0.9546970718198586, -0.09905513500711205, -0.5293914674308577, 0.45652478177652145, 0.12444597529146395, 0.4055456463510303, -0.06700964173031276, 0.41519213103967223, -0.7026785253104104, 0.33183102208442183, 0.8086110223808849, -0.5886893970319897, -0.4702746804793303, 0.3331338895257383, 0.9824042753473072, 0.03315463060741575, 0.1882539737776323, 0.5107563660876671, 0.7593761000600536, 0.7009985676213353, 0.22909014709518538, 0.8319987710263743, 0.4067495529947607, 0.55814526724139, -0.6706853597327627, 0.18357132335968673, -0.591660043985416, -0.5940881060629759, 0.7401237697861793, 0.721915722243536, -0.669448059173595, 0.434195762065378, 0.07142958708882086, -0.44053651794868576, 0.6249861817178961, -0.8474721826844787], 'fitness': (0.981332270304362,), 'features': (0.9739977, -9.218508)}]","[{'name': '1710162796903-300', 'genom': [0.7449712489241955, -0.7883890517631105, 0.6329052937711228, 0.45130381831733324, 0.02451374467046641, -0.7882230226894069, -0.6968752733728545, -0.458381892584905, 0.25572257357961714, -0.2020147321491057, 0.4913189157998261, -0.6471891867911439, 0.13260848103211242, 0.5940160512483736, -0.9351061219171499, 0.01640882377927988, 0.002800317763888893, -0.1820073177830439, -0.4131174222242979, 0.06860553176526785, -0.41019211474270634, 0.6005662944599388, -0.1454539471374603, 0.9868412017892223, -0.8196107892061122, 0.29596864065910244, -0.911856604503779, -0.12281836170770521, 0.7793959438908982, -0.5472402782274626, 0.9408899232455408, 0.33064234679664106, -0.0974784127105992, 0.6408913669825698, -0.26127920969302343, -0.04858952817989648], 'fitness': (0.9628658824496799,), 'features': (0.24356405, -8.014199)}]","[{'name': '1710162796903-300', 'genom': [0.8396715935599748, -0.7531689151718708, 0.6082910120037401, 0.36124704242349703, 0.11450313456806294, -0.774449719657925, -0.8642806119924069, -0.4600731733341368, 0.19784144926496317, -0.20370232879954453, 0.4913189157998261, -0.6856516356155573, 0.15978474979030755, 0.6255903997922878, -0.9351061219171499, 0.01640882377927988, 0.002800317763888893, -0.2583888867693047, -0.31738930886132266, -0.06332938141776046, -0.6217599491261523, 0.6005662944599388, -0.08823346148432809, 0.9868412017892223, -0.5979566864461487, 0.5599538973301719, -0.80822592252572, -0.12281836170770521, 0.7191001957552889, -0.5554639011164888, 0.9371813687347919, 0.2157278396423199, -0.09653974231448137, 0.764604809039614, -0.26522285137143053, -0.3755591019550977], 'fitness': (0.9891618834601508,), 'features': (0.8649584, -7.3474455)}]","[{'name': '1710162796903-300', 'genom': [0.8191619561742072, -0.7883890517631105, 0.6329052937711228, 0.45130381831733324, 0.02451374467046641, -0.7882230226894069, -0.8267331881856128, -0.4176387821592147, 0.35321307052161166, -0.2020147321491057, 0.4913189157998261, -0.6471891867911439, 0.053345076536498004, 0.7691812325912268, -0.9351061219171499, 0.01640882377927988, 0.002800317763888893, -0.2129725839375083, -0.3754724078665894, 0.06860553176526785, -0.33806820161019613, 0.5795301927666543, -0.1454539471374603, 0.9868412017892223, -0.8196107892061122, 0.29133886346867355, -0.911856604503779, -0.0056791784674075085, 0.7793959438908982, -0.5554639011164888, 0.9408899232455408, 0.33064234679664106, -0.15767664207242937, 0.7329396278046192, -0.3032023126647514, -0.17047919142209844], 'fitness': (0.9930677082803514,), 'features': (0.789514, -6.1398735)}]","[{'name': '1710162796903-300', 'genom': [0.8261967129653645, -0.7883890517631105, 0.6329052937711228, 0.45130381831733324, 0.02451374467046641, -0.7882230226894069, -0.7822264009719611, -0.458381892584905, 0.28153184232000616, -0.24659844338317738, 0.4913189157998261, -0.6999933918053634, 0.13260848103211242, 0.7172008555535143, -0.9351061219171499, 0.10494831751482026, 0.002800317763888893, -0.1411896973077087, -0.405345847559637, -0.010525689899967494, -0.33806820161019613, 0.778255491511179, -0.1454539471374603, 0.9600901302139637, -0.8196107892061122, 0.29133886346867355, -0.9747767657547779, -0.12281836170770521, 0.7793959438908982, -0.7121036353607124, 0.8969338735293619, 0.2913729536325824, -0.15767664207242937, 0.7329396278046192, -0.3032023126647514, -0.05009353736310285], 'fitness': (0.9878267698817783,), 'features': (0.5051263, -5.6117682)}]","[{'name': '1710187245752-6730', 'genom': [-0.8204050413915762, -0.6395685051252, 0.01863380705797235, -0.44361150288251805, -0.06716967674444851, -0.00974087103150989, -0.5546888926906306, 0.2211485414261114, -0.45712745137839295, -0.10223299044234646, -0.03827034117645911, -0.24318364519805535, -0.2932975217067382, -0.9588458675724991, 0.43878564685061705, 0.21381326918216215, 0.21408294058448862, -0.7299387185706385, -0.6995873113947457, -0.15233170598567902, -0.9677986003366541, -0.15807122304372356, -0.30955150972529255, 0.3640216114698285, -0.0756383891834036, 0.011357499045042019, 0.9673040379861735, 0.30513498188249244, 0.6379712682292307, -0.6779624215314655, 0.0988006276840967, -0.051154090044298606, 0.7898711526327564, -0.14101454023887117, -0.6612528659403594, 0.7038373226421508], 'fitness': (0.9816501842604743,), 'features': (0.6632285, -4.646624)}]","[{'name': '1710182800649-5567', 'genom': [-0.40327756877779364, -0.7248232343453713, 0.43944392702138835, 0.9109073933203133, 0.33924433029420165, 0.8043124349771178, 0.3858479137198656, -0.6353464693355222, -0.5779950618055665, 0.13987263752204626, -0.25904214295209393, 0.4318746387219221, 0.7891678564148552, -0.568659293644181, 0.583561159351212, 0.07961076583419024, -0.309818088843423, 0.025505931824201467, 0.06587307647555662, 0.2268967615784836, 0.7219025042371439, -0.11661936970538012, -0.02937186472219122, -0.1055993374188895, -0.8022901465083585, -0.41482804360072034, -0.1502053612160672, 0.12814556715803227, -0.29363285540685236, 0.5902915505477184, 0.14651223931344437, -0.6958289867390846, -0.24814809838773333, 0.9490648438316718, 0.6673837284612611, -0.5352255017594769], 'fitness': (0.9934072183238135,), 'features': (0.8192128, -3.396833)}]","[{'name': '1710192170557-8026', 'genom': [-0.645217901097723, -0.97655158058531, 0.6390599124715968, 0.7917965697730189, 0.6708670826142222, 0.24691607138603588, -0.6910487251274786, 0.19717364525501324, 0.3121422220131509, -0.5873813258231944, 0.9757893809179423, 0.3971126578766946, -0.21495559945939902, -0.9947246850267937, -0.07360227055539914, 0.5190079914250927, 0.9098438259224928, -0.4430244105945258, -0.8373201053416472, -0.5672708720138344, -0.42975890177415543, 0.3572195962278022, 0.8666451601649485, 0.631446078657703, 0.8103254763389334, -0.10504514288298794, -0.06126299894357934, -0.7893311912429462, 0.03764564142811988, -0.7613091621627608, -0.6438012663211536, 0.0657054000744477, -0.6485149288496745, -0.439995288708003, 0.5602267056110957, 0.41764291104834395], 'fitness': (0.999989971684085,), 'features': (0.17132047, -2.7480223)}]","[{'name': '1710178476613-4443', 'genom': [-0.5468080886986977, -0.48069248461406877, 0.31995153541807686, -0.24116274420639328, 0.7674287529577164, -0.9972638760955845, -0.1738491419238719, 0.1814312415347472, 0.41051876961499834, 0.6673440175451222, 0.32177642318268007, 0.6198099390735772, -0.7496434603755429, 0.0662602650687818, -0.42970523871397215, 0.9643318806991725, 0.45006512561147183, -0.6612330969724312, 0.48691853015647313, -0.2566977209130106, -0.31105257838159983, 0.6573780780163652, -0.6502505042054993, -0.7597903096771592, -0.22666348502703948, 0.8398813742296511, -0.9442568230954347, 0.43639978228673426, -0.3870562933321684, -0.015057510458674317, 0.9128602963396191, 0.016507982876593275, -0.9189673340025022, 0.2114517670513707, -0.26563512418741664, -0.5300228353124723], 'fitness': (0.998628470632765,), 'features': (0.37603447, -1.6028483)}]","[{'name': '1710162458098-204', 'genom': [-0.5669168177857398, 0.6484824441690318, 0.5928982034296637, 0.28739501892567554, 0.42080551701531554, 0.9910239370357163, 0.19653216868176315, -0.23266209219615108, -0.8673170126891323, 0.7480820078347816, 0.9044956608936485, -0.5747448371473514, 0.46746869943338853, 0.3487499160329528, -0.26391277146809333, -0.0301698866943787, -0.9557545747087661, 0.9029674138254553, -0.7386948020973132, 0.7515388497827964, 0.45022343561935885, 0.49008084473767943, -0.5354750546977425, 0.6069532159262532, 0.2793256038205969, 0.2468545408771452, 0.6509422165973098, 0.7327092539456352, 0.09886889938663401, -0.32109921355368254, 0.051927332170402796, 0.9859237149518358, 0.8223830751699039, 0.8764668870461993, 0.8213915079640717, 0.1285410898098882], 'fitness': (0.9935530768500433,), 'features': (0.97543174, -0.7703546)}]","[{'name': '1710163502281-498', 'genom': [0.7706149644809113, -0.06915492398299539, -0.1353272933685512, -0.4008303563951039, -0.32640847499801295, 0.7294642201361892, -0.39870151155630373, 0.06524973771718545, -0.9086971080435517, 0.7822969855858675, -0.15471175948030846, -0.6532266260820261, 0.12850128713221376, -0.9252349960773174, 0.38237568380655995, -0.9266282229027203, 0.025667904039905043, 0.584840980921453, 0.542778021710995, 0.07132863893767682, -0.8941115062200744, 0.2740083775094342, -0.23509955494516022, -0.6526791799579299, 0.7606558222048148, 0.09480148139909694, -0.6470446506636844, -0.9968350687696379, -0.8217229269014317, 0.1959193639333756, -0.0205937624300343, 0.9660142395950104, -0.02058846148078919, -0.9847083714060654, 0.28488700180425486, -0.4656258383867351], 'fitness': (0.9965156343248155,), 'features': (0.66334915, 0.5609997)}]","[{'name': '1710180202036-4883', 'genom': [0.524463033681513, 0.7568749857345254, 0.35295184300538174, 0.3630021840062465, 0.5232432464964911, 0.6053264564517029, -0.9037856661269481, -0.4449773260511998, 0.6142568831382822, -0.6093110315906134, 0.8139840795808477, 0.5712898354756542, 0.26110078239094503, -0.2672323606902496, -0.27654861942977327, 0.25392625029744376, -0.3902575823290144, -0.24977394450774626, -0.2140788078241196, 0.11918890713953889, 0.6937155126217429, -0.530661036261318, 0.9799821976760252, -0.0014572394320226945, -0.08934086096938176, -0.559234429275415, 0.23960948640239454, -0.28135446724760693, -0.6126641619006292, -0.4867661773342915, -0.18759884005602534, -0.17345666849063757, -0.25451988761309696, 0.058937163603711484, -0.7866966085181191, 0.11489686913075836], 'fitness': (0.9990230179495282,), 'features': (0.4782218, 1.1186117)}]","[{'name': '1710167097863-1434', 'genom': [-0.5847531287378056, -0.29266387060376564, -0.5023165036240262, -0.3167044162379511, -0.9174715293055167, 0.10595303943324152, 0.7533006776568372, -0.006260999409462897, 0.49508820872965487, 0.44162717282589914, -0.876846756462319, -0.5075824457728497, 0.3908310006599869, 0.6554530035446369, -0.6931122487172634, -0.23010914848035724, 0.30500253862021953, -0.2816313614682815, -0.1268203844962088, -0.3974001571497676, 0.4985844453968915, 0.07135697916229211, 0.494713184924239, 0.9590217304634017, -0.5017244538034791, -0.8139501019338626, -0.3955492891192065, 0.3265108797857712, 0.8888481553560343, 0.9869684235433567, -0.4315752642117292, -0.13586431427505108, 0.9108069127034615, -0.7104954214998063, 0.8536571814093876, 0.7057384334191033], 'fitness': (0.997868867052926,), 'features': (0.9463416, 2.6882193)}]","[{'name': '1710177891444-4275', 'genom': [-0.9115257511059971, -0.3890885411953702, -0.2622359774051317, -0.6137149616916309, -0.2562285977599348, 0.8870290364623337, -0.7231230979842471, -0.20877380451855698, -0.40446255010996124, -0.4231208844934762, 0.7875582850882616, -0.7849726667922066, 0.9333053089086913, 0.04979203422250067, 0.8050764560698926, -0.26501448624647295, -0.7987865393721485, 0.7563448761301514, 0.050074848009323825, -0.47480459736009406, -0.24022984054857677, 0.121350049689952, 0.3606151691411901, 0.19326009796423027, -0.37923783479108564, -0.42473817284953697, 0.3661492532048072, -0.888487294656809, -0.2801815083975987, -0.660352862099197, -0.8129373570207528, 0.34913839926955514, 0.6020203302840261, -0.48734451368789045, -0.9697804393334148, 0.6419142825726949], 'fitness': (0.998832794609997,), 'features': (0.38291895, 3.5231152)}]","[{'name': '1710162372442-182', 'genom': [-0.28233516306590745, 0.14146190799081948, -0.08256603823889042, -0.35876285240253436, -0.18373289109160051, -0.574180689280458, -0.09691653249642718, -0.3130691020644547, 0.009514478003263438, 0.06985936091720979, 0.04824366246484457, -0.796050595170648, -0.35246865003863315, -0.3667800637942924, 0.6007578409900163, 0.11581353179062681, -0.14012624767133186, 0.050928808232993505, 0.17142280461318182, -0.9476852301422152, -0.7448630711816202, -0.7277362871061617, -0.15103929120214143, 0.5248201299047244, 0.019628485413409447, 0.17066233165675815, 0.8514772427965571, 0.9618750120197546, 0.7762781405910719, -0.7876935410362274, 0.2795599573782601, 0.14646631629660134, -0.2625162885126726, 0.5283314956808711, -0.46534821513641034, 0.33916588695013083], 'fitness': (0.9933801770210267,), 'features': (0.5989423, 4.069671)}]","[{'name': '1710162372442-182', 'genom': [-0.08428018583886399, 0.14146190799081948, -0.08256603823889042, -0.3607344624658517, -0.18373289109160051, -0.574180689280458, -0.09691653249642718, -0.3130691020644547, 0.009514478003263438, 0.04398761721298783, 0.04824366246484457, -0.796050595170648, -0.35246865003863315, -0.3860094657438804, 0.6007578409900163, 0.11581353179062681, 0.001496813702567934, -0.19371011216554002, 0.17142280461318182, -0.9476852301422152, -0.7387968506516709, -0.7277362871061617, -0.15103929120214143, 0.3150577955085896, 0.019628485413409447, 0.17066233165675815, 0.874247892656276, 0.9732987867437912, 0.7762781405910719, -0.7876935410362274, 0.16729075201265786, 0.2901558820211405, -0.2625162885126726, 0.682369756687621, -0.46534821513641034, 0.42556336891763924], 'fitness': (0.9549276881747776,), 'features': (0.13355148, 5.651651)}]","[{'name': '1710177139018-4081', 'genom': [-0.6428938090912524, -0.6360641396900035, 0.5069997989577488, 0.9895448767073873, 0.11108390631347187, 0.3641851006099539, 0.309443270571393, -0.11754187264877491, -0.7005599731351644, 0.4190933091487976, -0.9140703025042318, 0.10756686094778445, -0.2567544785824307, 0.344426864364366, 0.5774460875902065, 0.4797645098380605, 0.22241629546514985, 0.745460790356568, -0.5827368027548763, -0.48067557239221403, -0.5392360640375848, 0.7590008302934459, 0.005065591391752999, -0.3426290478663787, -0.29915359570373057, 0.5536040530422617, 0.1345020158250605, -0.7865038580104331, 0.8416815129967923, 0.09775946836809934, 0.18108588525716685, 0.10971549303256611, 0.8895813203664353, 0.9815777703344812, -0.11818813458978306, 0.560486830670762], 'fitness': (0.9978877862294515,), 'features': (0.44407848, 6.0452275)}]","[{'name': '1710161729634-20', 'genom': [0.7712658788103954, 0.14270332817095333, 0.08843074650350924, 0.8091375118878772, -0.09178393698845522, -0.42816305772357377, -0.10243475883716857, -0.3263835948539535, -0.15090626552143172, 0.7424901996759787, 0.9813763752335802, 0.562436689597045, -0.12109611099119255, 0.8303011529957043, 0.8583818910665832, -0.5072317872262324, -0.13623633936968726, -0.47731219940188807, 0.8025297483771958, -0.938086719432706, -0.5997553254636689, 0.5361761929471112, -0.1929406424322322, 0.9043861841708127, -0.8761973319726863, -0.2722261168928297, -0.19360607112686967, 0.8129198724104192, -0.8845309922756006, -0.2639917737554811, -0.4022033470562081, 0.5940674268702593, 0.39932966924860125, -0.2141370867053709, 0.18824797219208778, 0.23156242474305277], 'fitness': (0.994433946079678,), 'features': (0.47479495, 7.7193584)}]","[{'name': '1710161729634-20', 'genom': [0.7712658788103954, 0.10208360900304814, 0.2809776414739247, 0.8091375118878772, -0.09178393698845522, -0.42816305772357377, 0.11710563226087678, -0.41575555785722074, -0.15090626552143172, 0.6323584182071327, 0.9761993279588363, 0.3819140711450004, -0.12109611099119255, 0.8303011529957043, 0.9413576826782151, -0.302981358651345, -0.13623633936968726, -0.4298564460332428, 0.6679538632462012, -0.6723123864659839, -0.5997553254636689, 0.12809052377961505, -0.1929406424322322, 0.9043861841708127, -0.8708182480121047, -0.18640433839547077, -0.1539451331984658, 0.8129198724104192, -0.8845309922756006, 0.01047084802760212, -0.4090479910950584, 0.5940674268702593, 0.2704819589153995, -0.2141370867053709, 0.23068262824577723, 0.23156242474305277], 'fitness': (0.9906458735466004,), 'features': (0.4474413, 8.115289)}]","[{'name': '1710162203003-139', 'genom': [0.7201067063201456, -0.018120642873485027, 0.8009621497426087, 0.34353305568458437, -0.36911211131307464, 0.4896139047525623, -0.42646501378938306, 0.8835320837549658, -0.9769908488160606, 0.3476989159176409, -0.16090796437355914, 0.9198661746558607, -0.7797884593637796, 0.14081549933769688, 0.5687447427777552, 0.7926328208183948, 0.17133078450944494, -0.6879009348710579, 0.23001843378925146, 0.5498027530124536, -0.9085235565695824, 0.6579478154806173, -0.48934824773787944, 0.9651091495326796, 0.33431191849259445, 0.9162693451393371, 0.34220533371091344, 0.09032164406628662, -0.6515561325544772, -0.2359349634520902, 0.9014444381480413, -0.8644157518562621, 0.5591827143748063, -0.794116298270775, -0.6623036033581826, -0.6884658673793584], 'fitness': (0.9992125342289607,), 'features': (0.08867135, 9.34229)}]"
11,"[{'name': '1710162079520-108', 'genom': [-0.9428102454507521, 0.027438894798762048, -0.6787332031872655, 0.45652478177652145, 0.14880771187067832, 0.4055456463510303, -0.06700964173031276, 0.41519213103967223, -0.4597039578045117, 0.19383505979324012, 0.9802331040738474, -0.48530169963866765, -0.4702746804793303, 0.33893444330554456, 0.7658104846467362, -0.05208276564329406, 0.3469990549833559, 0.3501504173793948, 0.8079260178618233, 0.7024360208551563, 0.22909014709518538, 0.8319987710263743, 0.3327193079455346, 0.6991094616765343, -0.6577654030940061, 0.2299252994927572, -0.5898542349004565, -0.5940881060629759, 0.7144237145753691, 0.8216742741362986, -0.6774289722673505, 0.27310681045999674, 0.07142958708882086, -0.23983905740836708, 0.6422687830107063, -0.8474721826844787], 'fitness': (0.9650210486518012,), 'features': (1.0226235, -9.708058)}]","[{'name': '1710161753639-26', 'genom': [-0.1515292488819593, -0.5910914859031748, 0.5771852574408074, -0.32072122867331676, -0.24434521398678077, 0.29863148987941623, 0.9785187142260376, -0.1257557356615997, -0.34708981527016425, -0.5337060741822941, -0.08484668954992669, -0.8813956988016762, -0.23219089590417452, -0.012171305295826551, -0.37083080403376845, -0.4615622431786848, 0.630279305701748, -0.07074704373071139, -0.44203872102682507, -0.266548064106386, -0.152538577218164, 0.4604541808621456, 0.07978915672494202, 0.8353955075949977, -0.8315264867365373, -0.46702495512167586, -0.34396389609596567, -0.8687574913324771, 0.21165758308054716, -0.46750691051384496, 0.900812754985951, -0.3445689429982075, -0.9336078784569877, -0.46700190137347475, -0.3903544734293791, 0.8492912886160415], 'fitness': (0.9299619462754991,), 'features': (1.0866086, -8.443928)}]","[{'name': '1710162571173-234', 'genom': [-0.6730004471617765, 0.2143471462191875, -0.29286732903000123, -0.5807029159687889, -0.6352224290894528, 0.761395731700429, 0.7175850866270364, -0.17652854499023074, 0.4566195625786904, -0.3981206109506812, -0.4142793254309787, -0.7520077024789065, 0.741255531985374, 0.5957100689326758, -0.11962619486407045, 0.03719978752578723, -0.3304831294765611, 0.06831755733654976, 0.17612922054050206, -0.26134422812444313, -0.5272929821327978, -0.08816516299186739, 0.044808010284335786, 0.8445422296970668, -0.8923948890249975, -0.19122381410937095, 0.10437991067207952, 0.48995620778813254, -0.0691562049323371, -0.38443328566276613, 0.008065623123787002, -0.8829834349911976, -0.36092708347955815, 0.9729314676036334, -0.19459912282824843, 0.48502321221772005], 'fitness': (0.9829598320855035,), 'features': (1.9468663, -7.662609)}]","[{'name': '1710162796903-300', 'genom': [0.8261967129653645, -0.7883890517631105, 0.6329052937711228, 0.45130381831733324, 0.02451374467046641, -0.7882230226894069, -0.8267331881856128, -0.458381892584905, 0.4120925163889506, -0.24659844338317738, 0.4913189157998261, -0.6471891867911439, 0.13260848103211242, 0.7172008555535143, -0.9351061219171499, 0.01640882377927988, 0.002800317763888893, -0.1411896973077087, -0.405345847559637, -0.010525689899967494, -0.33806820161019613, 0.778255491511179, -0.1454539471374603, 0.9868412017892223, -0.8196107892061122, 0.29133886346867355, -0.9747767657547779, -0.12281836170770521, 0.7793959438908982, -0.5382488728296393, 0.9408899232455408, 0.2913729536325824, -0.15767664207242937, 0.7329396278046192, -0.3032023126647514, 0.0025315454062326825], 'fitness': (0.9793927960925632,), 'features': (1.0238705, -6.340929)}]","[{'name': '1710162796903-300', 'genom': [0.8605289832315333, -0.7883890517631105, 0.6082910120037401, 0.31679627454778503, 0.24785990033359862, -0.8742625228533294, -0.8642806119924069, -0.4314085190726251, 0.19784144926496317, -0.17053588015938592, 0.4913189157998261, -0.6856516356155573, 0.2221518088134462, 0.6255903997922878, -0.8701178001695196, 0.01640882377927988, 0.01262327773804972, -0.18884659324834563, -0.3418312091442057, 0.06860553176526785, -0.23515121230006808, 0.6005662944599388, -0.19535016303481934, 0.9501494394162777, -0.5979566864461487, 0.529774517441429, -0.9345185857456215, -0.12281836170770521, 0.8158555245138814, -0.4899840783186462, 0.8669287007975932, 0.33064234679664106, -0.017436841939925563, 0.764604809039614, -0.8723347809109852, -0.1583796646453277], 'fitness': (0.9734151654773289,), 'features': (1.3865803, -5.472501)}]","[{'name': '1710162796903-300', 'genom': [0.4965879122445911, -0.7883890517631105, 0.6329052937711228, 0.38945635354832886, 0.02451374467046641, -0.7882230226894069, -0.8512706111576143, -0.2821982064190771, 0.1736863478997115, -0.2020147321491057, 0.48132871033055524, -0.6471891867911439, 0.13260848103211242, 0.7691812325912268, -0.9351061219171499, 0.01640882377927988, -0.17403985978238312, -0.1820073177830439, -0.405345847559637, 0.0783234143410605, -0.2995976912902214, 0.8120252744221605, -0.1454539471374603, 0.9868412017892223, -0.8196107892061122, 0.29133886346867355, -0.8569505922973972, -0.009424787447469996, 0.795294852510456, -0.6368170920351419, 0.9408899232455408, 0.33064234679664106, -0.15767664207242937, 0.7329396278046192, -0.3032023126647514, -0.23053987863036363], 'fitness': (0.99630485938655,), 'features': (1.5093466, -4.323502)}]","[{'name': '1710182800649-5567', 'genom': [-0.40327756877779364, -0.7248232343453713, 0.3860242052193652, 0.9109073933203133, 0.33924433029420165, 0.8043124349771178, 0.3858479137198656, -0.6353464693355222, -0.7294677328834971, 0.13987263752204626, -0.25904214295209393, 0.4318746387219221, 0.7891678564148552, -0.568659293644181, 0.583561159351212, 0.07961076583419024, -0.309818088843423, 0.025505931824201467, 0.06587307647555662, 0.2268967615784836, 0.7219025042371439, -0.11661936970538012, -0.02937186472219122, -0.1055993374188895, -0.8022901465083585, -0.41482804360072034, -0.1502053612160672, 0.12814556715803227, -0.29363285540685236, 0.5867188029559132, 0.14651223931344437, -0.6958289867390846, -0.11886091349214856, 0.9490648438316718, 0.6673837284612611, -0.5118246564427973], 'fitness': (0.9886440409554376,), 'features': (1.2008116, -3.5686338)}]","[{'name': '1710183856700-5847', 'genom': [-0.7513501496441803, -0.8918137683962291, 0.7793323908512948, 0.888719169589993, -0.3841574939909771, -0.8630928080877338, 0.714362991789693, 0.36397152659250365, -0.6965177745446143, -0.4267984919053709, -0.9991147191829675, 0.3928131980242573, -0.9963484997094805, 0.6926117999795574, 0.5703504664077776, 0.8204093942865909, 0.4859086735090732, -0.5890809597953148, -0.24697719602056933, 0.9275944683966997, -0.5501112985976584, -0.4824365260190968, 0.8161127394475403, -0.893068172368056, 0.3143736970517421, -0.24178801260063487, 0.1998133477937405, 0.17894237978677396, -0.706707333332508, 0.730369989000839, -0.5901896805399358, -0.9510506416602829, 0.7090798459864462, 0.6245163589926459, 0.8155106486098991, -0.48688876509775536], 'fitness': (0.994486145178477,), 'features': (1.811655, -2.2660427)}]","[{'name': '1710174700605-3439', 'genom': [-0.487006456882201, -0.33983835218651115, -0.13593292648551336, -0.8873419302551413, 0.5055799781891255, -0.7520013293511296, -0.029511007182065452, 0.39899203130697347, 0.2686804795940685, 0.3009588901928959, -0.18267622763162428, -0.7553436925994492, -0.3049030752185129, -0.43949084628831914, -0.8064892272530579, -0.10313748558625879, 0.13038126729970734, 0.9794437374700704, -0.7165814179872192, 0.23925025069441697, 0.1703220358692208, -0.5755456409995179, -0.42348592016223385, 0.8263206948986608, 0.3229072774820876, 0.5149035100403188, -0.41557553977975115, -0.31662427556849737, -0.6620669355401851, 0.6187456471821589, -0.23653121052634773, 0.5693444159045047, -0.5703797033627591, 0.897288857223455, 0.10059998053639241, -0.4666464167833282], 'fitness': (0.9922724545001984,), 'features': (1.5039945, -1.4465464)}]","[{'name': '1710162458098-204', 'genom': [-0.5669168177857398, 0.6484824441690318, 0.5928982034296637, 0.28739501892567554, 0.42080551701531554, 0.9910239370357163, 0.19653216868176315, -0.23266209219615108, -0.8673170126891323, 0.7480820078347816, 0.9044956608936485, -0.5747448371473514, 0.44231311261696904, 0.3487499160329528, -0.26391277146809333, -0.0301698866943787, -0.9557545747087661, 0.9029674138254553, -0.7386948020973132, 0.7515388497827964, 0.45022343561935885, 0.49008084473767943, -0.5354750546977425, 0.6069532159262532, 0.2793256038205969, 0.2468545408771452, 0.6509422165973098, 0.6935642943358318, 0.09886889938663401, -0.32109921355368254, 0.051927332170402796, 0.9645319671102364, 0.8223830751699039, 0.8764668870461993, 0.7983821591388776, 0.1285410898098882], 'fitness': (0.9947973993089464,), 'features': (1.0738885, -0.9748267)}]","[{'name': '1710161665037-4', 'genom': [-0.823918130845005, -0.23916025898046311, 0.34486314129631257, -0.12945845824637425, 0.27696932685093856, -0.30475373056174515, 0.23982538692892486, -0.6900568525604522, 0.23375495488476083, -0.5408634305346913, 0.49228217733630686, -0.9717456249649161, -0.10153815193703974, -0.5142880854279253, -0.8548311199104963, 0.301018258548047, 0.5833971480010658, -0.2152125916576475, 0.35430293647417344, 0.28056810817955435, 0.5549357413678113, -0.6825749921081483, 0.20480218279025664, 0.4458768230548429, -0.4586736394154698, -0.08267928525675972, 0.7222206846976891, -0.8575120569634462, 0.6750872883815437, 0.10595169248613545, 0.05044938442529623, -0.7061008466382954, 0.5911815245476044, -0.7345951301977465, 0.5902557010632512, -0.5934521327283648], 'fitness': (0.9975310325622558,), 'features': (1.2279792, 0.3621802)}]","[{'name': '1710197435717-9426', 'genom': [0.26000789168648564, -0.5153745163574808, 0.9113081424654665, -0.38220919832377165, -0.14651137156499106, 0.7073678205544167, -0.3048693277559211, 0.8694005523097847, 0.9092008203882971, -0.951514256683833, -0.180578315686033, -0.2941448464152081, 0.2684579926096706, 0.3258254145928885, 0.578664833649019, 0.45214296413641275, 0.1717141379661833, -0.30676128171890693, 0.7673971328392319, 0.9637808955660836, 0.4195687652202724, -0.5100299230979382, -0.7784749365764787, 0.7680008076220237, 0.1427599809533584, -0.26791676335673964, -0.6676848411212128, -0.12820176816186613, -0.41994999691384916, -0.2213332523529361, 0.29179784831305056, -0.9358508693040608, -0.7818475345107698, -0.7358323875732993, 0.48471614690592757, -0.1276259814075349], 'fitness': (0.9863160994317797,), 'features': (1.181214, 1.0983089)}]","[{'name': '1710162518365-220', 'genom': [0.5237311729197123, -0.15785622396501053, -0.9760631634545822, -0.867369444701414, 0.04452086601456329, 0.8107797269642607, 0.6969467654954886, -0.43978975620921634, 0.3062944881993688, 0.31066275552787026, -0.9945944916885558, -0.8938625766819581, -0.14945524954982048, 0.3733204561403267, 0.9754076832231946, -0.26592400542631345, -0.7891377518899401, -0.4330136833894791, 0.32109718611854254, -0.3438210179423262, -0.9993028966611504, -0.10604155200094012, -0.144222735361909, -0.47288246477047036, 0.07824662127995241, 0.2758667554811798, -0.9103881571980124, -0.787228539929512, 0.7413630577389985, -0.9429085650585431, 0.5853382799260787, 0.40953087845766944, -0.6715436285220915, -0.48745364831724847, 0.703015878012093, 0.4852999935031752], 'fitness': (0.9931336694293552,), 'features': (1.5120966, 2.037402)}]","[{'name': '1710163981500-618', 'genom': [-0.8122064391759947, 0.6131723233454229, -0.19261239114943884, 0.43589627642627393, 0.16570360430706166, 0.9353808055120056, -0.28137827029679774, -0.888656071489343, -0.5270327371920616, -0.5883222378597894, 0.5840526691873946, -0.6925453763527281, -0.7673413193554033, 0.3885654170236976, 0.4929858208536344, 0.4602758952757686, 0.2839127045691505, 0.7578100357419852, 0.7484594727726428, -0.7127520183536622, 0.6920036153014528, 0.9179613400728894, -0.05703726713476831, -0.15667573193699647, 0.6871082777507249, -0.5162847401685884, 0.8023461533347231, -0.16147301852618678, 0.10065546600900444, -0.44898653983281434, 0.08688404107868308, 0.74972896890158, -0.6497852743454702, 0.12370545108652431, -0.06644884538948026, 0.7095997439497221], 'fitness': (0.9958035998874241,), 'features': (1.6754006, 3.8931742)}]","[{'name': '1710163981500-618', 'genom': [-0.8122064391759947, 0.6131723233454229, -0.16247728839494724, 0.48716656770060873, 0.16570360430706166, 0.9353808055120056, -0.28137827029679774, -0.888656071489343, -0.5270327371920616, -0.5883222378597894, 0.5840526691873946, -0.6925453763527281, -0.7673413193554033, 0.3885654170236976, 0.4929858208536344, 0.4674010933535744, 0.2839127045691505, 0.7174205228364419, 0.7484594727726428, -0.6373709795741613, 0.6920036153014528, 0.9179613400728894, -0.05703726713476831, -0.15667573193699647, 0.6871082777507249, -0.44991958740515114, 0.9402286397579525, -0.16147301852618678, 0.10065546600900444, -0.44898653983281434, 0.08688404107868308, 0.7194354456047363, -0.6913312476074029, 0.12370545108652431, -0.06644884538948026, 0.7095997439497221], 'fitness': (0.9852138678232829,), 'features': (1.1009384, 4.374766)}]","[{'name': '1710161729634-20', 'genom': [0.7712658788103954, 0.10208360900304814, 0.2809776414739247, 0.7923742222973749, 0.03531800197102686, -0.5677613896685465, -0.057993532037170725, -0.5654774072251811, -0.0897143368182709, 0.6323584182071327, 0.8770207402730528, 0.4138524858892527, -0.12109611099119255, 0.8303011529957043, 0.8583818910665832, -0.34452389622116475, -0.13311864646213656, -0.4298564460332428, 0.9960947412691123, -0.914504601482542, -0.5997553254636689, 0.4693142900073213, -0.1929406424322322, 0.9961500156078837, -0.8547743480199972, -0.14564195404505864, -0.16869977533504277, 0.8129198724104192, -0.8760344937658711, -0.06533264132816896, -0.3801090237037279, 0.5940674268702593, 0.2704819589153995, -0.34468320811148634, 0.1486506756659054, 0.23156242474305277], 'fitness': (0.9497548209296333,), 'features': (1.3805307, 5.8619304)}]","[{'name': '1710161729634-20', 'genom': [0.7712658788103954, -0.013868557409642657, 0.2809776414739247, 0.8091375118878772, -0.09178393698845522, -0.42816305772357377, -0.057993532037170725, -0.41575555785722074, -0.15090626552143172, 0.6323584182071327, 0.9761993279588363, 0.3819140711450004, -0.12109611099119255, 0.8303011529957043, 0.8583818910665832, -0.41836427758391537, -0.13623633936968726, -0.4298564460332428, 0.8025297483771958, -0.7663148057149836, -0.5997553254636689, 0.4693142900073213, -0.1929406424322322, 0.9043861841708127, -0.8708182480121047, -0.2722261168928297, -0.19360607112686967, 0.8129198724104192, -0.8845309922756006, 0.01047084802760212, -0.4090479910950584, 0.5940674268702593, 0.2704819589153995, -0.2141370867053709, 0.18824797219208778, 0.23156242474305277], 'fitness': (0.9450178570217557,), 'features': (1.8729112, 6.355932)}]","[{'name': '1710162372442-182', 'genom': [-0.22606039473791784, 0.14146190799081948, -0.11501054962698887, -0.10431105839682187, -0.18276004980582616, -0.4448903022229951, -0.09691653249642718, -0.3130691020644547, -0.014022197781874857, 0.063795767467137, 0.03582665830691223, -0.7015109340983179, -0.36226775042802184, -0.3667800637942924, 0.9553955488368111, 0.09228486936192071, -0.3695266134439825, 0.05401921163564749, 0.17142280461318182, -0.8744855322399887, -0.6698092024838096, -0.7277362871061617, -0.3653410817961269, 0.5248201299047244, -0.2596898093696922, 0.419230619822756, 0.7380696248680454, 0.9618750120197546, 0.7762781405910719, -0.7876935410362274, 0.6340105561757066, 0.14646631629660134, -0.2625162885126726, 0.5283314956808711, -0.31177019553018614, 0.33916588695013083], 'fitness': (0.956845204035441,), 'features': (1.578209, 7.31375)}]","[{'name': '1710162203003-139', 'genom': [0.7201067063201456, -0.018120642873485027, 0.8009621497426087, 0.34353305568458437, -0.36911211131307464, 0.4896139047525623, -0.41477757539065463, 0.8835320837549658, -0.9769908488160606, 0.3476989159176409, -0.16090796437355914, 0.9198661746558607, -0.7797884593637796, 0.14081549933769688, 0.5687447427777552, 0.7926328208183948, 0.17133078450944494, -0.5588942720911765, 0.23001843378925146, 0.5498027530124536, -0.9227787911807641, 0.6579478154806173, -0.47648743354691914, 0.8742375735261516, 0.33431191849259445, 0.8490549678875594, 0.33788400533580143, 0.09032164406628662, -0.7113041425656492, -0.2359349634520902, 0.8650266257435577, -0.8644157518562621, 0.5591827143748063, -0.746950510657103, -0.6412283367720468, -0.6884658673793584], 'fitness': (0.986713269021776,), 'features': (1.5474352, 8.259448)}]","[{'name': '1710172742685-2921', 'genom': [-0.18033862111318877, -0.7088448978901605, 0.03918143644920358, 0.2717348079474342, -0.1351971463592323, 0.24141361917847948, -0.9522790363230924, 0.44629262801440506, -0.7399108491678472, 0.9638799711322361, -0.021827974561986707, -0.010788709292047116, -0.31178069762570715, -0.6994046348063332, -0.022901185073498143, 0.38909043489197903, -0.7601038974478018, 0.5758938035422472, -0.2305971899122159, 0.24983417724689483, 0.8175001187181508, 0.12341473658778712, 0.905131511295783, -0.12025263395872643, 0.33555371904075804, 0.8904486993212326, 0.3625994412361022, -0.22468890842770817, 0.7311417196173704, -0.26439479473861294, -0.6430042854902336, 0.9121748344385949, -0.3163550652656151, -0.5899374113487572, 0.8106179731139886, 0.6410379093100058], 'fitness': (0.9637765460544162,), 'features': (1.5531548, 9.571623)}]"
12,"[{'name': '1710189377925-7298', 'genom': [-0.9179010542824155, 0.4226036535512854, -0.8974203137208951, 0.4002245245515168, -0.680702028821172, -0.6392430601303196, -0.7064778844936674, -0.9105248676286422, -0.5100545651954858, 0.7014683662758758, -0.26765591039568615, 0.7527537310818084, 0.07092839472456003, 0.0535365811575057, -0.3854102328538591, 0.5222303213261779, -0.4531583093640741, -0.10336841904341743, 0.10264987315265972, -0.4043039151723091, -0.3165410889897313, 0.12034122211870657, -0.9276883247690848, 0.9776496205945033, 0.03949018228575962, 0.8106318239432364, -0.4152950193017688, -0.04424292333402402, -0.8788131358796745, -0.37629636800847965, 0.7259771759204989, 0.6708513397278584, -0.8688866229837235, 0.697246909423137, 0.6288594214009475, -0.2778085207308907], 'fitness': (0.9959061172273423,), 'features': (2.828476, -9.843083)}]","[{'name': '1710176722673-3976', 'genom': [0.6654175048978703, 0.49155842837530206, 0.7732143314574378, 0.6500526790479761, 0.7315516142085863, 0.7110809348657152, 0.3129069147259531, -0.9286282757387769, 0.13406501006682925, 0.676448214136419, 0.33656179814289855, 0.2862207134601369, -0.05417514363224085, -0.6764713237696709, 0.26466661942461056, -0.5540949710368488, 0.11686686276557334, 0.014904748365286213, 0.5076043020747893, -0.8105917550605364, 0.39502131763281056, -0.6628788948961539, 0.8638830993353441, 0.49359520544656377, -0.4184297454658754, -0.1262082309570709, -0.45499063796129424, -0.305405736353517, -0.9434129203212049, -0.51621611850179, -0.43692783411506264, 0.5487170028183463, 0.5577013255773604, 0.49162709608610977, -0.15865760760587078, 0.564372536673053], 'fitness': (0.9206056806776258,), 'features': (2.5301268, -8.485572)}]","[{'name': '1710162571173-234', 'genom': [-0.6730004471617765, 0.2568611701824468, -0.29286732903000123, -0.5807029159687889, -0.6352224290894528, 0.786482604096896, 0.7733229605132694, -0.17652854499023074, 0.4566195625786904, -0.3981206109506812, -0.5047670137257507, -0.7799534640944565, 0.910314192421892, 0.5957100689326758, -0.11962619486407045, 0.0713616068850742, -0.30427270451767185, -0.019294899663027776, 0.08318365075124845, -0.3011209812225113, -0.5272929821327978, -0.14807274350927568, 0.044808010284335786, 0.8445422296970668, -0.8923948890249975, -0.19122381410937095, 0.12925470550698503, 0.5943701069813596, -0.0691562049323371, -0.38443328566276613, 0.008065623123787002, -0.8829834349911976, -0.36092708347955815, 0.9729314676036334, -0.19459912282824843, 0.48502321221772005], 'fitness': (0.9613724178738065,), 'features': (2.3284428, -7.8310375)}]","[{'name': '1710162571173-234', 'genom': [-0.6730004471617765, 0.3340644746269108, -0.29286732903000123, -0.5807029159687889, -0.6352224290894528, 0.786482604096896, 0.7393798739444242, -0.17652854499023074, 0.4566195625786904, -0.3981206109506812, -0.6029506887164713, -0.7799534640944565, 0.741255531985374, 0.5957100689326758, -0.11962619486407045, 0.03719978752578723, -0.30427270451767185, -0.008797687971251689, 0.08318365075124845, -0.26134422812444313, -0.5272929821327978, -0.14807274350927568, 0.10914659156739792, 0.8445422296970668, -0.8923948890249975, -0.19122381410937095, 0.05753040673532328, 0.08502839694848707, -0.0691562049323371, -0.38443328566276613, 0.008065623123787002, -0.8829834349911976, -0.36092708347955815, 0.9729314676036334, -0.19459912282824843, 0.48207276574517444], 'fitness': (0.9205410639444986,), 'features': (2.729944, -6.144808)}]","[{'name': '1710164386509-719', 'genom': [0.5680314177211998, -0.8259489596758003, -0.6254881196264488, 0.44778390322620365, -0.8240524379364211, 0.2339670369904716, 0.5310950312175267, -0.5592712186039086, 0.32477845377552605, -0.4391708927293605, -0.8750374382652886, -0.3056163232487017, 0.14083812197785694, 0.10821325681154215, -0.22595477275044207, -0.4671184151136365, 0.7433144690753708, -0.707202979540011, 0.34324319158788996, 0.2958040167838629, -0.14959043005175499, 0.16953832444838524, -0.17079882262748525, 0.7745845410889456, -0.41411241816493716, -0.616392419761481, -0.5325374217277921, 0.9245671239199176, -0.9621470809432824, 0.9583108618684804, -0.5275843345053226, 0.7645393012374695, -0.6747246647510956, -0.6490273227320011, 0.006852060170821517, 0.9029463160252451], 'fitness': (0.9559851858350966,), 'features': (2.700296, -5.719954)}]","[{'name': '1710166509377-1268', 'genom': [-0.503389292904088, 0.5515044371226092, -0.4606874389420459, -0.892536376225854, -0.8697089600070842, -0.8542497629355552, -0.2550898637243746, 0.14140299263635558, 0.7649222487115512, 0.30497091803897813, 0.8970192275570166, 0.8017581849152788, 0.3867042327878025, 0.0243780784769565, -0.8152543319209311, -0.9287107753265891, -0.09548918315561994, -0.45763373271886354, 0.8289253950702338, -0.9816381592012402, -0.4974145634221663, 0.8648460536869675, 0.5397910297203108, -0.05383450607464124, -0.5111873140793284, -0.6399849732853649, 0.5200931333186833, -0.865336270565823, 0.022904526755167964, -0.6147204990432755, 0.018074867500570857, -0.4054651397600204, 0.7643319282282879, 0.4546152028819863, 0.9745918842159313, 0.998097967082592], 'fitness': (0.9870365116331312,), 'features': (2.8244975, -4.2423506)}]","[{'name': '1710162796903-300', 'genom': [0.4965879122445911, -0.8025553178070524, 0.6329052937711228, 0.38945635354832886, 0.02451374467046641, -0.7882230226894069, -0.8512706111576143, -0.3072291600619992, 0.2087259160417374, -0.2020147321491057, 0.48132871033055524, -0.6471891867911439, 0.13260848103211242, 0.7691812325912268, -0.9984715612894306, 0.01640882377927988, -0.17403985978238312, -0.184999696320306, -0.405345847559637, 0.0783234143410605, -0.2995976912902214, 0.8120252744221605, -0.17286779438709798, 0.9868412017892223, -0.8196107892061122, 0.29133886346867355, -0.8569505922973972, -0.009424787447469996, 0.795294852510456, -0.6368170920351419, 0.9408899232455408, 0.33064234679664106, -0.15767664207242937, 0.7329396278046192, -0.3032023126647514, -0.23053987863036363], 'fitness': (0.9974767734607061,), 'features': (2.0326593, -3.1175299)}]","[{'name': '1710181550085-5238', 'genom': [0.03264113177549377, -0.6050642433921458, 0.2931759972105179, -0.4616457089963162, 0.2126266178930496, -0.16036957152955722, -0.7123524217307771, 0.1849140585442497, 0.2558817771878348, -0.9992035492089189, 0.3716131045374589, -0.07537297439625124, -0.9390731571642073, -0.17237370649086636, 0.32000503150659876, 0.1923250947480899, 0.5456787759970769, -0.4542093137382355, -0.7130324029682706, 0.9159155766538127, 0.6639531441869568, 0.26824974856094874, -0.07716418042072037, 0.6795370137321728, -0.8126199923461432, -0.7042964169776675, 0.3496660308124535, -0.1107975806818653, -0.578512836665904, 0.5087238123020725, -0.7599514067286572, -0.8265727183957972, 0.31066471154059605, 0.16039053462144226, 0.24290816438724772, 0.6565408225682268], 'fitness': (0.9989489929543601,), 'features': (2.2951448, -2.0397666)}]","[{'name': '1710164489401-745', 'genom': [-0.19899564888131893, 0.6002411132931424, 0.069391102120276, -0.7441783451918667, -0.4521980105054455, 0.8625264587408568, 0.8870720878496334, 0.5331197356114308, -0.3785379294530098, 0.502882985434248, 0.07628247112604147, -0.4793653292705844, 0.7380469603106568, -0.7218001613816272, 0.07389341097167756, 0.775049515960812, -0.597509423899172, 0.4929833068078202, -0.30342823783765027, 0.8346690266343391, -0.30479319140809835, 0.1972490728941083, -0.6782829377320425, 0.7628373555070638, 0.4647272751556011, -0.14625193605040465, 0.5570111744787754, -0.7297697660534652, 0.9011120846110345, 0.8543231617858296, -0.37782217448241684, 0.15348974678384608, -0.4922912782509077, -0.3670354972423717, 0.17422134742241924, 0.08783346084395882], 'fitness': (0.9997330135769315,), 'features': (2.6651986, -1.1540219)}]","[{'name': '1710183745372-5819', 'genom': [0.8234822248882443, 0.8911246898369791, 0.6170729194947453, -0.7520563224270329, 0.2670487777447188, -0.2555325569357858, -0.8547015479576201, -0.9359885146540274, 0.32303080210574664, -0.536961191644918, -0.754673768707387, -0.7582221328010328, 0.7053190583761724, -0.2380398090821103, 0.20451312235027386, 0.07373009216639037, 0.3879342843743854, -0.9503204947470585, -0.14913430486123724, -0.786719845435701, -0.7361822824923159, 0.004290687389291614, 0.3026406937480519, 0.8762835168541805, 0.060407941490143946, -0.3496335534175967, 0.42438563440742416, -0.3545217790606836, -0.8293830183433666, -0.06862908886175756, -0.2275781028039121, 0.5098772462267955, -0.49306879848982477, 0.8582014158237838, -0.45895391473652647, -0.019670405663505086], 'fitness': (0.9885867648654514,), 'features': (2.6303172, -0.9161593)}]","[{'name': '1710164489401-745', 'genom': [-0.560926457775409, 0.7467209471987064, 0.006163755142875482, -0.5449846519521586, -0.4521980105054455, 0.8625264587408568, 0.9210804543017006, 0.5943423194499087, -0.4155663922236843, 0.46115079909782253, 0.07628247112604147, -0.17874319773589953, 0.7380469603106568, -0.6718217540897395, 0.17449859560872816, 0.8462465916046709, -0.597509423899172, 0.4745483539007753, -0.034036132629647886, 0.8400066412537233, -0.2378643044362394, 0.14621832326904372, -0.43889907050941246, 0.7194534212044901, 0.4674859360028283, 0.15577539972022314, 0.27952665414655864, -0.6216075755534765, 0.9955319273532255, 0.464606316272562, -0.5546790126789574, 0.28754158682173814, -0.48287184172162334, -0.23417489912560074, 0.11097460904424494, 0.2368242568557546], 'fitness': (0.9932396901978386,), 'features': (2.665767, 0.17946017)}]","[{'name': '1710163981500-618', 'genom': [-0.8122064391759947, 0.6131723233454229, -0.19261239114943884, 0.43589627642627393, -0.14314342843683936, 0.9486691486559309, -0.3393279877912545, -0.888656071489343, -0.5270327371920616, -0.5788821096054744, 0.6115745557847263, -0.6925453763527281, -0.7119490854765904, 0.3885654170236976, 0.2640460808182883, 0.49813013715750154, 0.2839127045691505, 0.7578100357419852, 0.6346307870094778, -0.7127520183536622, 0.6937083170681173, 0.9979322092525158, -0.05703726713476831, -0.15667573193699647, 0.6871082777507249, -0.46766199193071034, 0.8023461533347231, -0.34296398006173057, 0.10698529463771789, -0.48851428849613865, 0.09021629418560839, 0.74972896890158, -0.49149348629062306, 0.12370545108652431, -0.0034223500505663473, 0.7095997439497221], 'fitness': (0.997447231080797,), 'features': (2.5145133, 1.9156655)}]","[{'name': '1710162518365-220', 'genom': [0.5237311729197123, -0.15785622396501053, -0.9760631634545822, -0.867369444701414, 0.04452086601456329, 0.8107797269642607, 0.6969467654954886, -0.43978975620921634, 0.3062944881993688, 0.31066275552787026, -0.9945944916885558, -0.8938625766819581, -0.13069130389135175, 0.3733204561403267, 0.9754076832231946, -0.26592400542631345, -0.7891377518899401, -0.4330136833894791, 0.32109718611854254, -0.3438210179423262, -0.9993028966611504, -0.13404623760080314, -0.144222735361909, -0.47288246477047036, 0.07824662127995241, 0.16355480417114343, -0.8921422167544613, -0.787228539929512, 0.7413630577389985, -0.9429085650585431, 0.5853382799260787, 0.40953087845766944, -0.6715436285220915, -0.48745364831724847, 0.703015878012093, 0.4852999935031752], 'fitness': (0.9885764996210734,), 'features': (2.1099665, 2.7893064)}]","[{'name': '1710163981500-618', 'genom': [-0.8122064391759947, 0.6131723233454229, -0.19261239114943884, 0.43589627642627393, -0.14314342843683936, 0.9486691486559309, -0.376393618316881, -0.9681565375963024, -0.5270327371920616, -0.5788821096054744, 0.6115745557847263, -0.6991778665357669, -0.7631460509427872, 0.3885654170236976, 0.2640460808182883, 0.49813013715750154, 0.2839127045691505, 0.7578100357419852, 0.5199525981543001, -0.7127520183536622, 0.6937083170681173, 0.8615174938138264, -0.24102789038437988, -0.15667573193699647, 0.6871082777507249, -0.46766199193071034, 0.8023461533347231, -0.34296398006173057, 0.10698529463771789, -0.48851428849613865, 0.09021629418560839, 0.74972896890158, -0.49149348629062306, 0.12370545108652431, -0.0034223500505663473, 0.7190052138610261], 'fitness': (0.9655259874131944,), 'features': (2.1478207, 3.719353)}]","[{'name': '1710162372442-182', 'genom': [-0.2710229990635904, 0.14146190799081948, -0.08256603823889042, -0.35876285240253436, -0.18373289109160051, -0.574180689280458, -0.09691653249642718, -0.3130691020644547, -0.03790754388910478, 0.08613075565608663, 0.04824366246484457, -0.796050595170648, -0.16772366599687527, -0.3667800637942924, 0.594252486803019, 0.11581353179062681, -0.08621502219500266, 0.050928808232993505, 0.17142280461318182, -0.9974635564483882, -0.7448630711816202, -0.7277362871061617, -0.15103929120214143, 0.5248201299047244, 0.019628485413409447, 0.17066233165675815, 0.8514772427965571, 0.9618750120197546, 0.7762781405910719, -0.7876935410362274, 0.2795599573782601, 0.14646631629660134, -0.2625162885126726, 0.5283314956808711, -0.46534821513641034, 0.33916588695013083], 'fitness': (0.9884631633758545,), 'features': (2.3887239, 4.1554103)}]","[{'name': '1710163981500-618', 'genom': [-0.8122064391759947, 0.6131723233454229, -0.19261239114943884, 0.43589627642627393, 0.1379978500770569, 0.9353808055120056, -0.28137827029679774, -0.888656071489343, -0.5270327371920616, -0.5883222378597894, 0.5840526691873946, -0.6925453763527281, -0.7119490854765904, 0.3885654170236976, 0.4929858208536344, 0.49813013715750154, 0.2839127045691505, 0.7578100357419852, 0.6130852494631187, -0.7127520183536622, 0.6464347531458394, 0.9979322092525158, -0.05703726713476831, -0.15667573193699647, 0.6871082777507249, -0.5162847401685884, 0.8023461533347231, -0.16147301852618678, 0.10065546600900444, -0.44898653983281434, 0.08688404107868308, 0.74972896890158, -0.6497852743454702, 0.12370545108652431, -0.06644884538948026, 0.7095997439497221], 'fitness': (0.9916075335608588,), 'features': (2.388308, 5.830222)}]","[{'name': '1710179062622-4591', 'genom': [0.4920694510066057, -0.8358391532284126, 0.6450490172092485, -0.35793315939797243, 0.4489941783038043, 0.8666370683223767, -0.3450144626114793, -0.3085371020219956, -0.14568202472291336, -0.9949796050678061, 0.13418623952520425, 0.9819860587719564, -0.2646427927962811, -0.9327282316402761, -0.6250505862463915, 0.3246536366106738, 0.4952571065832305, 0.21173884309194602, 0.6998038594284395, 0.47886756813121734, 0.8860403126888936, 0.7287475729431121, 0.9085290840035902, 0.28765420705808764, 0.0065066614342899065, -0.5942646330680239, 0.9291098450011572, -0.43129003477068695, 0.5790877665569152, -0.8687982290224157, -0.23148552247891518, -0.9089553407263216, -0.2560067359516227, -0.9959435095534122, -0.9589602092500695, 0.844110527922175], 'fitness': (0.9808505720562405,), 'features': (2.0219734, 6.0507174)}]","[{'name': '1710162028120-95', 'genom': [0.33459832695864433, 0.9290795693290623, 0.8928675547933502, 0.31848259407166424, 0.9302140268822432, 0.073747814122894, 0.25947906308643565, 0.13924813464965413, 0.9493986291368626, 0.8412045707662392, -0.8564614222936735, -0.46708105935617117, 0.807777019655775, -0.8015121183513179, -0.6953480435555619, -0.14737588528602497, 0.009534827524811051, 0.6890574969416485, 0.4346824095569115, -0.8337213138354889, -0.7901939581497872, 0.9336643173931323, -0.2544285263254624, 0.5336590213206731, 0.8180140833318046, 0.33337431939611917, 0.021140530403785274, -0.6681109385228752, 0.5349140588501509, 0.4938755506002803, 0.09610012294702619, -0.429148188157495, 0.05303900096424474, -0.5201377034585737, -0.6179732836771576, 0.8907286371985657], 'fitness': (0.954371001985338,), 'features': (2.9300413, 7.527299)}]","[{'name': '1710162203003-139', 'genom': [0.7201067063201456, -0.018120642873485027, 0.8009621497426087, 0.34353305568458437, -0.36911211131307464, 0.4896139047525623, -0.41477757539065463, 0.8835320837549658, -0.9769908488160606, 0.3476989159176409, -0.16090796437355914, 0.9198661746558607, -0.7797884593637796, 0.14081549933769688, 0.5687447427777552, 0.7926328208183948, 0.17133078450944494, -0.5588942720911765, 0.23001843378925146, 0.5498027530124536, -0.9227787911807641, 0.6579478154806173, -0.48934824773787944, 0.8742375735261516, 0.33431191849259445, 0.9162693451393371, 0.33788400533580143, 0.09032164406628662, -0.7413861018629262, -0.2359349634520902, 0.9014444381480413, -0.8644157518562621, 0.5591827143748063, -0.746950510657103, -0.6623036033581826, -0.6884658673793584], 'fitness': (0.9865998811191983,), 'features': (2.2007277, 8.706564)}]","[{'name': '1710162203003-139', 'genom': [0.7201067063201456, -0.018120642873485027, 0.8009621497426087, 0.34353305568458437, -0.32337871765117177, 0.4896139047525623, -0.41477757539065463, 0.8835320837549658, -0.9769908488160606, 0.3476989159176409, -0.16090796437355914, 0.9198661746558607, -0.8132572420675561, 0.14081549933769688, 0.5687447427777552, 0.7926328208183948, 0.17133078450944494, -0.5588942720911765, 0.23001843378925146, 0.5498027530124536, -0.8923449297407817, 0.6579478154806173, -0.47648743354691914, 0.8742375735261516, 0.5249205541398969, 0.8490549678875594, 0.33788400533580143, 0.09032164406628662, -0.7113041425656492, -0.2359349634520902, 0.8650266257435577, -0.8644157518562621, 0.467541084305501, -0.7061859009587093, -0.6412283367720468, -0.6884658673793584], 'fitness': (0.9272343794504802,), 'features': (2.9597046, 9.651432)}]"
13,"[{'name': '1710161753639-26', 'genom': [-0.09092459345255177, -0.7414361913895176, 0.8802645332386507, -0.24422371035851254, -0.18561085444787917, 0.38988374475710086, 0.8465030902476363, -0.28718759434411223, -0.34708981527016425, -0.4904548964022104, -0.08484668954992669, -0.8340384644258225, -0.1596468835764031, 0.06487102314884119, -0.35445448715850736, -0.5811990155942788, 0.5900996427508687, -0.04337913149526651, -0.5687679944186861, -0.12507318512297871, -0.152538577218164, 0.4604541808621456, 0.24330594834811103, 0.8515611559981644, -0.5210042735219704, -0.5729290157739726, -0.36950911989345037, -0.8687574913324771, 0.2221647742867101, -0.348051449651799, 0.900812754985951, -0.41854377786491903, -0.5482263268668266, -0.46700190137347475, -0.34372318463996177, 0.8492912886160415], 'fitness': (0.922211233774821,), 'features': (3.0380826, -9.882641)}]","[{'name': '1710162079520-108', 'genom': [-0.9428102454507521, -0.07991451353038515, -0.6836568136523138, 0.45652478177652145, 0.14880771187067832, 0.40368872334603156, -0.20366916678908464, 0.41519213103967223, -0.6035099149603267, 0.22241210162902192, 0.9881928284398385, -0.5457055548383389, -0.4702746804793303, 0.2164590503939543, 0.956482897410901, -0.2033176237119434, 0.3469990549833559, 0.2413277650648773, 0.8079260178618233, 0.7024360208551563, 0.22909014709518538, 0.8319987710263743, 0.3327193079455346, 0.6991094616765343, -0.6706853597327627, 0.31306978467628177, -0.605607343568342, -0.5940881060629759, 0.7723922674349304, 0.721915722243536, -0.6774289722673505, 0.27310681045999674, 0.07142958708882086, -0.23983905740836708, 0.6422687830107063, -0.8474721826844787], 'fitness': (0.9832167943318685,), 'features': (3.4076009, -8.427473)}]","[{'name': '1710162571173-234', 'genom': [-0.6730004471617765, 0.2568611701824468, -0.29286732903000123, -0.5807029159687889, -0.5751964084114964, 0.786482604096896, 0.7393798739444242, -0.17652854499023074, 0.4566195625786904, -0.36696179598926326, -0.5047670137257507, -0.7799534640944565, 0.741255531985374, 0.5957100689326758, -0.11962619486407045, 0.03719978752578723, -0.30005008363595387, -0.24801137542774487, 0.08318365075124845, -0.26134422812444313, -0.5272929821327978, -0.14807274350927568, 0.044808010284335786, 0.8445422296970668, -0.8923948890249975, -0.19122381410937095, 0.10437991067207952, 0.6251438843201851, -0.0691562049323371, -0.38443328566276613, 0.008065623123787002, -0.8829834349911976, -0.36092708347955815, 0.9729314676036334, -0.19459912282824843, 0.48502321221772005], 'fitness': (0.9401388380262586,), 'features': (3.3866901, -7.230177)}]","[{'name': '1710164386509-719', 'genom': [0.5680314177211998, -0.8259489596758003, -0.6296348288784321, 0.44778390322620365, -0.8240524379364211, 0.2339670369904716, 0.5514579140267322, -0.5592712186039086, 0.32477845377552605, -0.4391708927293605, -0.8750374382652886, -0.24750698683913708, 0.14083812197785694, 0.10821325681154215, -0.07879410355856464, -0.4671184151136365, 0.7433144690753708, -0.707202979540011, 0.34324319158788996, 0.2958040167838629, -0.14959043005175499, 0.16953832444838524, -0.17079882262748525, 0.7745845410889456, -0.41411241816493716, -0.616392419761481, -0.6092157756518153, 0.9245671239199176, -0.9621470809432824, 0.9583108618684804, -0.5275843345053226, 0.7645393012374695, -0.6747246647510956, -0.6490273227320011, 0.006852060170821517, 0.9564456012346958], 'fitness': (0.9954255882236692,), 'features': (3.611469, -6.6827064)}]","[{'name': '1710190313746-7553', 'genom': [-0.6285031486262467, -0.7830764268732653, 0.8569989743958886, -0.595555790766658, 0.31426487420486504, 0.841538927849008, -0.513698349216354, -0.06763429711394275, -0.8494910604057353, -0.6453203115095294, -0.734790683516303, -0.900196429641402, 0.8212213943117106, 0.26306510480676937, -0.43295423299455527, -0.18394213106865842, -0.17201879817163301, 0.7031311454914222, 0.05669386293522871, 0.18398314113556324, -0.982462622894837, -0.4922867097587227, 0.28217376562408614, -0.9762861585294156, 0.8817420281458006, -0.8339169994522244, -0.27666188335098574, -0.14880081208388463, 0.030855307060308368, 0.23375842272968783, -0.8195832287004821, 0.8225321108739847, -0.5456242671067735, 0.31506435345712647, -0.19268944992939763, 0.694359609957107], 'fitness': (0.9969898621241252,), 'features': (3.1507823, -5.7527304)}]","[{'name': '1710192383149-8087', 'genom': [0.5352891475327299, 0.4208440224160719, 0.8620873050949553, -0.16567650507659337, -0.24797333505311747, 0.8467809437484759, 0.8725300837384586, -0.7020560526778594, -0.5012687385766432, 0.0973957096209892, 0.30297474874612296, 0.13254046330384384, 0.3080502372378606, -0.122923936583476, 0.18507252884414194, 0.14890389056453945, 0.34504456733121347, 0.6121057714937113, -0.6810445061980146, 0.0922202537409571, -0.9374473367943723, 0.8684206178975471, -0.6970153356693574, -0.5795123870665149, -0.5610669535331767, 0.11079351654781822, 0.8510099462466889, 0.26543460966986054, 0.42041551449430914, -0.10703337186316131, 0.9995540751102374, -0.5260586856941583, -0.8343526178383336, -0.6328255473756303, -0.5000189030915847, 0.1629555150611135], 'fitness': (0.9750853220621745,), 'features': (3.1509755, -4.2759376)}]","[{'name': '1710164740903-810', 'genom': [-0.9424614754583669, 0.5996514904661714, -0.748282317500063, 0.773083659513083, -0.6313813762230793, 0.1951630731641325, 0.3177386532690032, -0.533664887259145, -0.22139184895290653, -0.29893920603240476, 0.9297655544803427, -0.7017400125265238, -0.5618756235129962, 0.25147428164955943, 0.3324060997942955, 0.21266278012917805, -0.9623433380050648, 0.24256110897817518, -0.3961158899734796, 0.7586979694942697, -0.6530653010393574, -0.5572930154480593, -0.23285965932770702, 0.4278020638808724, 0.38298118890020394, 0.028599766982004615, -0.09527415678235696, -0.44039161974379604, -0.6196789526323807, 0.9371473131935284, -0.19298947455735327, -0.2122744747313725, 0.10058767705889915, -0.2733626746824982, -0.6433085428941328, 0.3053485645920313], 'fitness': (0.9975499770707554,), 'features': (3.9322326, -3.5405693)}]","[{'name': '1710171299603-2541', 'genom': [-0.018998543680380786, 0.914948319004365, -0.6045977636646522, 0.6134916276013196, 0.33520472785221966, -0.4320172391716828, -0.02759957016860559, 0.9493224212434546, -0.5876519480205424, 0.6147008808928045, 0.4199991047194622, -0.39719870817270087, -0.4995601664952891, 0.5574051895194918, -0.7466001203714805, -0.2537574886908811, -0.8075043625389113, 0.3116691539073979, -0.9944595045866287, 0.15099096509229581, 0.08385548243277641, 0.8816544794051444, -0.3177766683653702, -0.1605093264422024, -0.3727959684799407, 0.1731028191973789, -0.8562757944156236, 0.7597152523872024, 0.7371183348390171, -0.7316051682172175, -0.7112311176075443, -0.8871443278091058, -0.5818929382206761, 0.49022429848830784, -0.003100790719447577, -0.21134726790008385], 'fitness': (0.9916699031988779,), 'features': (3.2449777, -2.672853)}]","[{'name': '1710171299603-2541', 'genom': [-0.06164920519938, 0.914948319004365, -0.6090634757517606, 0.6134916276013196, 0.33520472785221966, -0.4320172391716828, -0.02759957016860559, 0.9493224212434546, -0.5876519480205424, 0.6147008808928045, 0.4199991047194622, -0.39719870817270087, -0.6502972461218539, 0.5574051895194918, -0.7466001203714805, -0.2537574886908811, -0.8075043625389113, 0.3116691539073979, -0.9944595045866287, 0.15099096509229581, 0.07047252819078387, 0.8816544794051444, -0.10660378911113377, -0.1605093264422024, -0.3727959684799407, 0.13523450981576013, -0.8552618487230188, 0.7597152523872024, 0.7371183348390171, -0.7316051682172175, -0.7112311176075443, -0.8871443278091058, -0.5818929382206761, 0.49022429848830784, -0.008944444664353401, -0.1965022560598748], 'fitness': (0.9961795902914471,), 'features': (3.787823, -1.8006638)}]","[{'name': '1710169376648-2041', 'genom': [-0.05785366875601361, 0.5286226335627973, 0.8900082423329019, 0.9773545058880999, 0.7115758933303351, 0.8651329034848263, -0.5959457423227965, 0.3574238982151223, -0.246329601634653, 0.42839878940253007, 0.17376785562562325, -0.6006511049347805, 0.9357371466346609, 0.9645816317765012, 0.39177492074826237, 0.7854591228602377, -0.4564773016662298, -0.1086827169400919, -0.42089673062134536, 0.07486887511237383, -0.5476412135433688, -0.2571912582086706, -0.49143646359214443, 0.45462861164353363, -0.6351177876091814, -0.6261224717605367, -0.37992800232719204, -0.9169745219185039, -0.8958362190880551, -0.2829093417272659, -0.5191173743092101, 0.06744684994893757, -0.8692752431327104, 0.8525737866970939, -0.08145778984275864, -0.2777906320327814], 'fitness': (0.988099233309428,), 'features': (3.883416, -0.46634325)}]","[{'name': '1710163162458-414', 'genom': [-0.9623455554325564, -0.6254268597098667, 0.6257816278094568, -0.550751440446644, 0.5659114808779913, 0.10910624673829772, -0.740941075138773, 0.5876922891309904, -0.5222228216573148, 0.45943785457516184, -0.8802589589611058, 0.14286114894946622, -0.4198252901041599, -0.46517968241405594, -0.9765200759966395, 0.12766872883365332, -0.5907807396623479, -0.8258493202124866, 0.9421802775141441, -0.4733948584215235, 0.6330029539176139, 0.06977777055148482, -0.9164137999665898, 0.9312570504367654, -0.4804721536628602, 0.6444273655192647, 0.46668250956821233, -0.13569724633081393, -0.8837123205382007, 0.9929264722017768, -0.17227072218904205, 0.28662988719386306, 0.6803373401651791, -0.32366677710526615, -0.8568741722198436, -0.45624702925841043], 'fitness': (0.9850496980879042,), 'features': (3.6255362, 0.92905414)}]","[{'name': '1710162518365-220', 'genom': [0.5237311729197123, -0.15785622396501053, -0.9760631634545822, -0.867369444701414, 0.04452086601456329, 0.8107797269642607, 0.6969467654954886, -0.43978975620921634, 0.3062944881993688, 0.31066275552787026, -0.9945944916885558, -0.7133999189759022, -0.13069130389135175, 0.3733204561403267, 0.9754076832231946, -0.26592400542631345, -0.7891377518899401, -0.4330136833894791, 0.32109718611854254, -0.18742222764577554, -0.9989525609650354, -0.13404623760080314, -0.144222735361909, -0.499112826437067, 0.07824662127995241, 0.16355480417114343, -0.8921422167544613, -0.787228539929512, 0.7413630577389985, -0.9429085650585431, 0.5853382799260787, 0.40953087845766944, -0.6715436285220915, -0.48745364831724847, 0.703015878012093, 0.4852999935031752], 'fitness': (0.9983253267076281,), 'features': (3.4248772, 1.8992575)}]","[{'name': '1710190991259-7726', 'genom': [-0.7503952178481146, 0.4262379274304533, 0.26297609056498605, 0.5311143387564843, 0.1786113758086889, -0.6906540631402174, 0.44372334484130205, 0.8167338925599532, 0.0725053068358843, 0.9228806415350812, -0.12036255455148415, -0.20112076431083814, -0.2595142166038835, -0.6846072431846899, -0.1526497093150938, -0.2550629326518141, 0.036999872200382145, -0.6547495521131665, 0.8630428619879562, 0.009929701787943168, 0.37039589602873324, 0.05379104397200396, 0.6659209393410155, -0.2361269347735957, -0.6529830384562985, 0.14127214223289197, 0.5369725351139696, -0.07526563507134099, -0.4621562850502212, 0.32649662348412, -0.2779104555739771, 0.8179941218845967, -0.9338732821248752, -0.4207316371263794, 0.8484768445427204, -0.8148429530222696], 'fitness': (0.9921805984444089,), 'features': (3.7764535, 2.1245358)}]","[{'name': '1710162028120-95', 'genom': [0.33459832695864433, 0.9290795693290623, 0.8928675547933502, 0.31848259407166424, 0.8393397591127645, 0.18189259312146966, 0.25947906308643565, 0.13924813464965413, 0.9493986291368626, 0.8412045707662392, -0.8564614222936735, -0.46708105935617117, 0.807777019655775, -0.8015121183513179, -0.7267346746300445, -0.14737588528602497, 0.009534827524811051, 0.6890574969416485, 0.4346824095569115, -0.8337213138354889, -0.8025865967307653, 0.8657407782541351, -0.2544285263254624, 0.5336590213206731, 0.8180140833318046, 0.18400011964483975, -0.06170534816454443, -0.6451266480921773, 0.5349140588501509, 0.4938755506002803, 0.5422684995110223, -0.4144441025012353, 0.05303900096424474, -0.5201377034585737, -0.9947926505493767, 0.8400448495942368], 'fitness': (0.9509937498304579,), 'features': (3.5146637, 3.7203758)}]","[{'name': '1710161885170-59', 'genom': [-0.8784808046592216, 0.2031094130307043, 0.4120472197718772, 0.5906440435914448, -0.8150356249871245, 0.41663898916972175, 0.1642376207138141, 0.6411397827542822, -0.4981277168007736, 0.193650666511189, -0.7386986976512298, 0.7836433489072598, 0.9560573535796948, -0.3242101197852256, -0.7930300452026535, 0.5574219681175387, -0.735914005233745, 0.30925302480579364, 0.9085339513921358, -0.449870450193951, 0.9851889135612844, 0.6371229864810282, 0.12249034788483848, -0.5655211404271687, 0.1735200699393098, 0.862849967498398, -0.24349735732046773, 0.4373301818736297, -0.5526410642180328, 0.5770052883293457, -0.6824940249035387, 0.06388689589003826, -0.1434425860813615, -0.04288347478525334, 0.7438138791328965, -0.3762818674210644], 'fitness': (0.9965530173646079,), 'features': (3.6020842, 4.485866)}]","[{'name': '1710161885170-59', 'genom': [-0.8784808046592216, 0.2031094130307043, 0.4120472197718772, 0.727977852677915, -0.8523540256101665, 0.46177751532416633, 0.1642376207138141, 0.6411397827542822, -0.500466559880526, 0.18699788013475738, -0.741733468522128, 0.7836433489072598, 0.9560573535796948, -0.3242101197852256, -0.7930300452026535, 0.4614931232702275, -0.735914005233745, 0.30925302480579364, 0.9085339513921358, -0.4669953870553789, 0.996408170390856, 0.6371229864810282, 0.12249034788483848, -0.4382492081287692, 0.1735200699393098, 0.862849967498398, -0.2778753985441458, 0.4373301818736297, -0.5526410642180328, 0.5770052883293457, -0.6824940249035387, 0.06388689589003826, -0.1434425860813615, -0.04288347478525334, 0.8488821179622299, -0.3762818674210644], 'fitness': (0.9995204056302707,), 'features': (3.1792586, 5.086161)}]","[{'name': '1710161729634-20', 'genom': [0.6538746107310591, 0.10208360900304814, 0.265224644775391, 0.9713050681608624, 0.03531800197102686, -0.27767568015955013, -0.35224297308208596, -0.4738275519424442, -0.20163013720439893, 0.6323584182071327, 0.9952990432638085, 0.42995457021780314, -0.12109611099119255, 0.8303011529957043, 0.8802701137487718, -0.4819636723611409, -0.03943139176152566, -0.3923701693766146, 0.8025297483771958, -0.7925562771422578, -0.5997553254636689, 0.5916648211802502, -0.1929406424322322, 0.9054195585582558, -0.9859993064559334, -0.18640433839547077, -0.2063463921409736, 0.800533191039549, -0.8458189008287249, 0.33828880148550033, -0.5101638872649426, 0.5940674268702593, 0.2704819589153995, -0.1861093920454282, 0.1486506756659054, 0.19820892829032122], 'fitness': (0.9913554794258541,), 'features': (3.7725246, 6.572547)}]","[{'name': '1710161729634-20', 'genom': [0.6617599246577714, -0.013868557409642657, 0.08843074650350924, 0.8775877665592118, -0.09178393698845522, -0.42816305772357377, -0.13594173492527872, -0.3263835948539535, -0.15090626552143172, 0.7424901996759787, 0.9813763752335802, 0.562436689597045, -0.12109611099119255, 0.7962931898368788, 0.8583818910665832, -0.41836427758391537, 0.029720297239075988, -0.47731219940188807, 0.8025297483771958, -0.938086719432706, -0.5997553254636689, 0.5361761929471112, -0.1929406424322322, 0.9386856261425176, -0.7511501183108944, -0.2722261168928297, -0.19360607112686967, 0.8129198724104192, -0.8845309922756006, -0.2639917737554811, -0.4022033470562081, 0.5940674268702593, 0.39932966924860125, -0.2141370867053709, 0.18824797219208778, 0.23156242474305277], 'fitness': (0.9967175331380632,), 'features': (3.6350389, 7.223811)}]","[{'name': '1710162203003-139', 'genom': [0.7201067063201456, -0.018120642873485027, 0.8009621497426087, 0.34353305568458437, -0.3898491844910059, 0.4896139047525623, -0.41477757539065463, 0.8496624026808155, -0.8925440745089537, 0.3476989159176409, -0.16090796437355914, 0.9198661746558607, -0.7797884593637796, 0.14081549933769688, 0.5687447427777552, 0.7926328208183948, 0.03502563669080927, -0.5588942720911765, 0.1015697009575296, 0.5498027530124536, -0.9227787911807641, 0.6377681562526243, -0.48934824773787944, 0.8742375735261516, 0.33589352234292336, 0.9162693451393371, 0.36178064121145814, 0.04283826784674338, -0.7413861018629262, -0.2359349634520902, 0.9014444381480413, -0.6447278874852356, 0.5591827143748063, -0.7392529704626185, -0.6623036033581826, -0.6884658673793584], 'fitness': (0.9254257520039877,), 'features': (3.8004346, 8.353602)}]","[{'name': '1710162372442-182', 'genom': [-0.23358767928059598, 0.17692507454546025, -0.11501054962698887, -0.04610761664295615, -0.4652683022435433, -0.3934018656390619, -0.09691653249642718, -0.3130691020644547, -0.003282629314200314, 0.04248202820957725, 0.10447593421767953, -0.7962088478448259, -0.6449687935946433, -0.5591483728730919, 0.9643906445890316, 0.09228486936192071, -0.24216023112755414, 0.11993543991556077, 0.002372770588118245, -0.9476852301422152, -0.6411526734228306, -0.6914620658533879, -0.3653410817961269, 0.5645467724115729, 0.05222161457276053, 0.419230619822756, 0.8871986891418042, 0.7476467545357672, 0.7762781405910719, -0.6861303153925387, 0.5934107532427746, 0.08863476456013464, -0.2625162885126726, 0.5858661045652716, -0.36536786605884, 0.33916588695013083], 'fitness': (0.790729882982042,), 'features': (3.5864303, 9.701008)}]"
14,"[{'name': '1710186586109-6561', 'genom': [-0.8180199015018152, -0.23272311088141984, -0.6229234490079112, -0.4586837816819014, -0.2682232801233315, -0.022033949187885815, -0.18148631650900438, 0.5562874365226995, -0.5926066154514824, 0.9939937346652135, -0.12678294362335807, 0.6029276270570338, 0.5183032011555506, -0.8922548205376253, 0.911501007184949, 0.5700450759787503, 0.3975996785769267, -0.576801116111576, -0.5666171812719065, -0.3520209577025908, -0.6515609639981366, -0.2506278652242373, -0.8495552986147883, 0.5698260198175604, -0.31306400909142496, -0.07701803071622537, 0.7738728391223821, 0.597808363978757, -0.785059600800065, 0.1162127508225046, 0.661669261324298, -0.46242763914158425, 0.9738486031072537, 0.3375257426806171, -0.478876570617921, -0.20728836214407842], 'fitness': (0.9925558884938558,), 'features': (4.5327353, -9.205987)}]","[{'name': '1710162360859-179', 'genom': [0.2736872918206079, -0.6952296160931837, -0.5786382562373049, 0.8758537528337573, 0.9896949883584205, 0.010464784190955978, 0.7400608955151451, 0.08296650117623283, 0.04376624822585273, -0.018150525334883483, 0.6089882839262855, 0.020561714625031646, 0.06460592242438401, -0.8318143387154624, -0.5253560152391996, -0.038049851829972337, 0.6474690678367743, 0.6817411041057244, 0.992971642293696, 0.3445305321969989, 0.11243230679882332, -0.32553652754668017, -0.8314065972925961, 0.6126015177204933, -0.09666399902404477, -0.01521896343999285, -0.8412864159384361, 0.35723733673411817, -0.300997328046972, -0.2559342451595936, 0.03220795067550308, 0.2678160932684843, 0.018892664442166085, 0.8275699733447064, -0.8294316440789795, 0.9834763842738867], 'fitness': (0.8779904683430989,), 'features': (4.658531, -8.57295)}]","[{'name': '1710163033453-375', 'genom': [-0.4879666863444079, 0.3746766651393729, 0.9954495411969277, 0.05460157858267567, -0.9057921809713256, 0.44482359461644516, 0.8140479371673441, 0.6467889663261415, -0.5939874020728986, 0.2476164319142693, 0.763419950258986, -0.5380492700658472, -0.9632208898606023, -0.5640875725132648, 0.057367757190784685, 0.46450986086342483, 0.7307862283188018, -0.6023196993106055, 0.7340107756404113, -0.7143609173716425, 0.09834367257368837, 0.9927612221805375, 0.32562394294616737, -0.4485361867949691, 0.8161207969715483, 0.8580119788509455, -0.06667450228902627, -0.6089807806558276, 0.9785761422510297, 0.4984250477580887, 0.12259281882407391, 0.8710645862057442, 0.9313245890520783, 0.7807672606047238, 0.3651504771782017, -0.5213892580905615], 'fitness': (0.9743658781051636,), 'features': (4.085124, -7.738145)}]","[{'name': '1710174095606-3286', 'genom': [-0.7616809471974644, 0.980590233642554, -0.8054797586161948, 0.7831229526601475, 0.3093149322067916, 0.8330270813841552, -0.7068937199507077, 0.3657833697499757, 0.24117159696889634, 0.012964827090228725, 0.5654798804083025, 0.8637294339870549, -0.7035526609684886, 0.7190889591758449, -0.23558166121796664, -0.32664566429922104, 0.05377253138048732, -0.988378190969484, 0.9170716720656229, 0.8135238093748063, -0.6543256632069254, 0.6810434713184772, 0.27748783343404404, 0.09407824944177023, 0.5299993952322151, -0.24803925006484984, -0.13160506626028812, 0.6597609531223236, 0.15085968412239614, 0.8856066408627978, 0.7468734405399209, -0.5144164794074311, -0.44541547116628566, 0.8165524406146965, 0.7825859389527146, 0.9345056672151137], 'fitness': (0.9979413916667302,), 'features': (4.8645706, -6.942062)}]","[{'name': '1710162911978-336', 'genom': [-0.5127256417601058, 0.8676889818052111, -0.1512876040732678, -0.856895020302832, -0.8699453507707513, 0.2931405579835342, 0.9434309079509422, -0.9900812053494041, 0.8547470504618231, 0.7462072961562065, -0.7219534338641589, 0.012297873743785104, 0.14571215692009898, 0.7927359255248749, -0.1946796147775791, 0.9621039276613896, -0.02777806630412427, 0.469024101093108, -0.7941446476355716, -0.44487624564855976, 0.37083150413630106, 0.2861942403868134, -0.37655193296674283, 0.6596267865150103, 0.4601865493064421, -0.6886871435721151, 0.6999477270105428, 0.6515704014110133, 0.5176554234621924, -0.5172698265380136, 0.16165820876354653, -0.33161102698294287, -0.11563158871109702, 0.1682064759727897, 0.8723488048174319, 0.7096697222784603], 'fitness': (0.97197441789839,), 'features': (4.153279, -5.353809)}]","[{'name': '1710174095606-3286', 'genom': [-0.7616809471974644, 0.980590233642554, -0.8054797586161948, 0.46531242770170556, 0.3093149322067916, 0.8330270813841552, -0.7068937199507077, 0.3657833697499757, 0.332761851296985, 0.11868653561141751, 0.5898713831161779, 0.8637294339870549, -0.6959022633363305, 0.8103461158315155, -0.23558166121796664, -0.32664566429922104, 0.05377253138048732, -0.9462029246497159, 0.9170716720656229, 0.8135238093748063, -0.6543256632069254, 0.7905119140556078, 0.40870990345137237, 0.09407824944177023, 0.5299993952322151, -0.24803925006484984, -0.2823460449997264, 0.5001564587526681, 0.15085968412239614, 0.8987864461850297, 0.7536985065008797, -0.2549756860235297, -0.5582987264394361, 0.8165524406146965, 0.7825859389527146, 0.9345056672151137], 'fitness': (0.9883253905508254,), 'features': (4.338912, -4.0064397)}]","[{'name': '1710185075293-6163', 'genom': [0.7134167106253642, 0.22432633622992926, 0.6170948888942964, 0.7044481399941767, -0.21285320716170775, 0.37187395908826715, 0.5175978902217735, -0.7026760340231657, 0.4379509400127084, -0.0394018918894119, -0.2771113777223295, 0.8107599059463599, -0.8390225658697124, -0.508431848245535, 0.6689432286380432, -0.7763753672735649, 0.43656571293538926, 0.13631261619094714, -0.8384813919134153, -0.6905387206812947, -0.3147298286843252, 0.28668752526272856, 0.7921643055335001, -0.6132634509267503, -0.12534478802067994, 0.6888156777336583, -0.402184569607813, -0.7063468142777625, 0.6232877210345473, 0.38673776454734243, -0.3273846310305406, 0.6150046456059997, -0.7976871988593102, -0.5924519904181664, -0.5686926713741092, -0.34666667302888876], 'fitness': (0.9275162272983127,), 'features': (4.3429856, -3.1091468)}]","[{'name': '1710185075293-6163', 'genom': [0.7188583546855118, 0.22432633622992926, 0.6170948888942964, 0.7241380665837076, -0.21285320716170775, 0.17850462635936748, 0.5175978902217735, -0.6992058661746017, 0.28384573154385473, -0.0394018918894119, -0.2771113777223295, 0.8107599059463599, -0.8844480910905901, -0.508431848245535, 0.6689432286380432, -0.8826308731067192, 0.4507081853485555, 0.13631261619094714, -0.8384813919134153, -0.6905387206812947, -0.3147298286843252, 0.34452270921551165, 0.7921643055335001, -0.5591007969750399, -0.12534478802067994, 0.6712718289202493, -0.402184569607813, -0.4262690964199687, 0.6232877210345473, 0.38673776454734243, -0.3273846310305406, 0.6150046456059997, -0.7976871988593102, -0.620339339005648, -0.5686926713741092, -0.34666667302888876], 'fitness': (0.9827310721079509,), 'features': (4.229951, -2.8714004)}]","[{'name': '1710164489401-745', 'genom': [-0.27558147773044417, 0.7467209471987064, 0.2958379551559962, -0.7441783451918667, -0.4521980105054455, 0.8625264587408568, 0.9210804543017006, 0.5767893585034474, -0.43805476641630503, 0.46115079909782253, 0.07628247112604147, -0.17874319773589953, 0.6023338023121616, -0.7218001613816272, 0.10794090051060379, 0.8687653559026709, -0.597509423899172, 0.4745483539007753, -0.034036132629647886, 0.8346690266343391, -0.30479319140809835, 0.14621832326904372, -0.43889907050941246, 0.7194534212044901, 0.4647272751556011, -0.14625193605040465, 0.27952665414655864, -0.6743472947391345, 0.9955319273532255, 0.8543231617858296, -0.5546790126789574, 0.28754158682173814, -0.7149675765673236, -0.3019669858505081, 0.11097460904424494, -0.1690830356145827], 'fitness': (0.9995958116319444,), 'features': (4.4052453, -1.7341104)}]","[{'name': '1710181550085-5238', 'genom': [0.0363138183206273, -0.6211427982785853, 0.21388027607343307, -0.4616457089963162, 0.2126266178930496, -0.2459800560323253, -0.9405426910666326, 0.1849140585442497, 0.2558817771878348, -0.9659760145456839, 0.3716131045374589, -0.07537297439625124, -0.9390731571642073, -0.17237370649086636, 0.32000503150659876, 0.1923250947480899, 0.5456787759970769, -0.4542093137382355, -0.7130324029682706, 0.9993311886360314, 0.6639531441869568, 0.26824974856094874, -0.08773030760598921, 0.6795370137321728, -0.8126199923461432, -0.7042964169776675, 0.3496660308124535, -0.1107975806818653, -0.578512836665904, 0.5087238123020725, -0.7599514067286572, -0.8265727183957972, 0.31066471154059605, 0.3307966680029031, 0.24290816438724772, 0.6565408225682268], 'fitness': (0.9848590877321032,), 'features': (4.1105213, -0.9532404)}]","[{'name': '1710163162458-414', 'genom': [-0.9623455554325564, -0.6254268597098667, 0.6257816278094568, -0.550751440446644, 0.5659114808779913, 0.17186789219475118, -0.740941075138773, 0.6981230450642837, -0.5222228216573148, 0.45943785457516184, -0.8802589589611058, 0.14286114894946622, -0.4198252901041599, -0.46517968241405594, -0.9765200759966395, 0.12766872883365332, -0.5907807396623479, -0.8258493202124866, 0.9421802775141441, -0.4733948584215235, 0.6330029539176139, 0.06977777055148482, -0.9164137999665898, 0.9312570504367654, -0.4804721536628602, 0.721860533201029, 0.46668250956821233, -0.13569724633081393, -0.8837123205382007, 0.9929264722017768, 0.1162458742697694, 0.28662988719386306, 0.702138879755208, -0.32366677710526615, -0.8568741722198436, -0.45624702925841043], 'fitness': (0.9956448144382901,), 'features': (4.3607445, 0.9397125)}]","[{'name': '1710164489401-745', 'genom': [-0.560926457775409, 0.7467209471987064, 0.006163755142875482, -0.5449846519521586, -0.4521980105054455, 0.8625264587408568, 0.9210804543017006, 0.5943423194499087, -0.3785379294530098, 0.46115079909782253, 0.07628247112604147, -0.17874319773589953, 0.7380469603106568, -0.7218001613816272, 0.17449859560872816, 0.8462465916046709, -0.597509423899172, 0.4745483539007753, -0.034036132629647886, 0.8346690266343391, -0.2378643044362394, 0.14621832326904372, -0.43889907050941246, 0.7194534212044901, 0.4674859360028283, -0.14625193605040465, 0.27952665414655864, -0.6743472947391345, 0.9955319273532255, 0.7389268724654963, -0.5546790126789574, 0.28754158682173814, -0.48287184172162334, -0.3019669858505081, 0.11097460904424494, 0.08783346084395882], 'fitness': (0.9746604071723091,), 'features': (4.995794, 1.8208747)}]","[{'name': '1710164563724-764', 'genom': [0.27216926372593253, -0.20417638735967936, -0.7186982093799308, 0.4483090390381408, -0.264684264434522, 0.0029145481196606315, 0.6236957182775063, 0.4362696030790718, 0.5068234734106476, -0.9797676975537837, 0.7312465993083324, -0.8675882167372548, -0.6737604565518771, 0.775801139822385, 0.06856984341685379, -0.04998828911792197, 0.8612475067316081, -0.6216257210230696, -0.5719892695336819, 0.19967250117872615, -0.7924412118375819, -0.4204504331716086, 0.06723113566418015, -0.9631933434135389, 0.5493860021061816, -0.5271907928853079, -0.23023587484897678, -0.932704719620068, 0.3506660864674447, 0.9367922816223624, -0.9100585430885499, 0.48352343088031535, 0.44217930316959553, 0.6318319391702791, -0.9253292546477385, 0.9162521355970126], 'fitness': (0.994033948580424,), 'features': (4.6027784, 2.3072839)}]","[{'name': '1710164563724-764', 'genom': [0.27216926372593253, -0.20417638735967936, -0.7186982093799308, 0.40242950451429627, -0.232253872309806, -0.012209872171264013, 0.6236957182775063, 0.4383276699545713, 0.5068234734106476, -0.9797676975537837, 0.896373017465879, -0.89175468182988, -0.6737604565518771, 0.7264013757977061, -0.1361019526375673, 0.16199483340999676, 0.8950717055981146, -0.6878391040145948, -0.5781578118382202, 0.19967250117872615, -0.9203184031690363, -0.4204504331716086, -0.0008635383914821215, -0.9873946795142499, 0.650722499889637, -0.5271907928853079, -0.23023587484897678, -0.9596180078888894, 0.33948457428156087, 0.9375191553407272, -0.9100585430885499, 0.48352343088031535, 0.44217930316959553, 0.6318319391702791, -0.8842413125428521, 0.9162521355970126], 'fitness': (0.9896373450756073,), 'features': (4.5495815, 3.0050597)}]","[{'name': '1710161885170-59', 'genom': [-0.8784808046592216, 0.2031094130307043, 0.4120472197718772, 0.5906440435914448, -0.8150356249871245, 0.41663898916972175, 0.1642376207138141, 0.6411397827542822, -0.4981277168007736, 0.3734598959225597, -0.7386986976512298, 0.7836433489072598, 0.9560573535796948, -0.3101097594508051, -0.7930300452026535, 0.5574219681175387, -0.735914005233745, 0.30925302480579364, 0.9085339513921358, -0.449870450193951, 0.9987853605095873, 0.6371229864810282, 0.12249034788483848, -0.5655211404271687, 0.1735200699393098, 0.862849967498398, -0.25835997853093917, 0.4607130248840474, -0.5668257009528479, 0.5770052883293457, -0.6770577705482919, 0.06388689589003826, -0.1434425860813615, -0.04288347478525334, 0.6546662539932584, -0.3762818674210644], 'fitness': (0.9926671306292216,), 'features': (4.7023196, 4.923671)}]","[{'name': '1710161729634-20', 'genom': [0.8415738769215524, 0.10208360900304814, 0.2809776414739247, 0.8354969881143857, 0.03531800197102686, -0.3710787235703519, -0.0023284572221258237, -0.4738275519424442, -0.14685480359321224, 0.6323584182071327, 0.9761993279588363, 0.48280474229506276, -0.12109611099119255, 0.8303011529957043, 0.9448412190415103, -0.2577025115006202, -0.07485058656788102, -0.3923701693766146, 0.8628024051978715, -0.5259445885046103, -0.49503630922240216, 0.45170673378932835, -0.09970855106165888, 0.9054195585582558, -0.9387938282895241, -0.4018972492801729, -0.16869977533504277, 0.7333195460181163, -0.8458189008287249, 0.10671137115059515, -0.4379201702758031, 0.5940674268702593, 0.2704819589153995, -0.1861093920454282, -0.0073895928576799275, 0.19820892829032122], 'fitness': (0.9897280196348827,), 'features': (4.6545906, 5.4614964)}]","[{'name': '1710161729634-20', 'genom': [0.8552000140408433, 0.10208360900304814, 0.2809776414739247, 0.8091375118878772, -0.09178393698845522, -0.42816305772357377, -0.057993532037170725, -0.42437315311548085, -0.15090626552143172, 0.6323584182071327, 0.9761993279588363, 0.3819140711450004, -0.12109611099119255, 0.8303011529957043, 0.8583818910665832, -0.34452389622116475, -0.13623633936968726, -0.4298564460332428, 0.8025297483771958, -0.6781492697101992, -0.5997553254636689, 0.4693142900073213, -0.1929406424322322, 0.8878399712512635, -0.8708182480121047, -0.3271449611586539, -0.03617848857642625, 0.8540121368482843, -0.9693252767199574, 0.01047084802760212, -0.37804223287902183, 0.5940674268702593, 0.22080305813502688, -0.2141370867053709, 0.18824797219208778, 0.11202291417765364], 'fitness': (0.9828814347585042,), 'features': (4.5243306, 6.5956974)}]","[{'name': '1710161729634-20', 'genom': [0.6538746107310591, 0.10208360900304814, 0.265224644775391, 0.9713050681608624, 0.03531800197102686, -0.27767568015955013, -0.35224297308208596, -0.4738275519424442, -0.20163013720439893, 0.6323584182071327, 0.9952990432638085, 0.28500295392061314, -0.12109611099119255, 0.8150578806452942, 0.8802701137487718, -0.4819636723611409, -0.03943139176152566, -0.3923701693766146, 0.8025297483771958, -0.7925562771422578, -0.5997553254636689, 0.5916648211802502, -0.1929406424322322, 0.9054195585582558, -0.9670734964127852, -0.18640433839547077, -0.2063463921409736, 0.800533191039549, -0.8458189008287249, 0.33828880148550033, -0.5101638872649426, 0.5940674268702593, 0.18638496084028677, -0.1861093920454282, 0.1486506756659054, 0.19820892829032122], 'fitness': (0.9907596846421559,), 'features': (4.0816207, 7.9011526)}]","[{'name': '1710163981500-618', 'genom': [-0.5860806253488435, 0.6131723233454229, -0.16247728839494724, 0.48716656770060873, 0.01539959653219336, 0.9353808055120056, -0.28137827029679774, -0.888656071489343, -0.5270327371920616, -0.5883222378597894, 0.5840526691873946, -0.5258886620979994, -0.6290337848275076, 0.3830758581643763, 0.4929858208536344, 0.38699108876146426, 0.2839127045691505, 0.7174205228364419, 0.7219896093126714, -0.8136610994940126, 0.6920036153014528, 0.9179613400728894, -0.05703726713476831, -0.15667573193699647, 0.6871082777507249, -0.5146697373183187, 0.975343221411604, -0.16147301852618678, 0.10065546600900444, -0.44898653983281434, 0.08688404107868308, 0.6732252366366642, -0.6793712528256142, 0.06761596580745377, -0.06644884538948026, 0.7095997439497221], 'fitness': (0.9795632653766209,), 'features': (4.4159307, 8.740098)}]","[{'name': '1710162028120-95', 'genom': [0.37885793236934284, 0.8977072777292858, 0.8928675547933502, 0.1678493134567669, 0.8045504365362259, 0.2904320110473042, 0.25837587146403185, 0.2933811637007109, 0.9493986291368626, 0.6848735412287028, -0.9025174561983182, -0.04390709985040697, 0.807777019655775, -0.8015121183513179, -0.7280634418821048, -0.14737588528602497, -0.03864532717022939, 0.5752409130325968, 0.4346824095569115, -0.829239380544825, -0.9301118383894527, 0.8657407782541351, -0.2544285263254624, 0.5336590213206731, 0.9773164934596785, 0.18400011964483975, -0.06170534816454443, -0.6451266480921773, 0.5211987697434337, 0.6618137935486192, 0.45958958472641087, -0.5539373670005712, 0.12977785438624267, -0.5363932447875017, -0.9947926505493767, 0.8400448495942368], 'fitness': (0.7378798590766059,), 'features': (4.7943044, 9.746514)}]"
15,"[{'name': '1710161753639-26', 'genom': [-0.09092459345255177, -0.8402952668005494, 0.9851658001298946, -0.24422371035851254, -0.18561085444787917, 0.41513790443619425, 0.8465030902476363, -0.23932827344797536, -0.34708981527016425, -0.3016018671137308, -0.09637856966847624, -0.8340384644258225, -0.1596468835764031, 0.06487102314884119, -0.35445448715850736, -0.5811990155942788, 0.5900996427508687, -0.1405739189104005, -0.5687679944186861, -0.12507318512297871, -0.152538577218164, 0.4604541808621456, 0.24330594834811103, 0.8515611559981644, -0.44513309747111074, -0.5729290157739726, -0.36950911989345037, -0.8687574913324771, 0.2221647742867101, -0.348051449651799, 0.900812754985951, -0.41854377786491903, -0.5482263268668266, -0.46700190137347475, -0.35427060679311917, 0.8492912886160415], 'fitness': (0.7646752463446723,), 'features': (5.2528753, -9.154109)}]","[{'name': '1710161753639-26', 'genom': [-0.09092459345255177, -0.7414361913895176, 0.9851658001298946, -0.24422371035851254, -0.18561085444787917, 0.41513790443619425, 0.8465030902476363, -0.28718759434411223, -0.34708981527016425, -0.5781298647239113, -0.09637856966847624, -0.8340384644258225, -0.1596468835764031, 0.06487102314884119, -0.35445448715850736, -0.5811990155942788, 0.5900996427508687, -0.04337913149526651, -0.5687679944186861, -0.12507318512297871, -0.152538577218164, 0.4604541808621456, 0.24330594834811103, 0.8515611559981644, -0.5210042735219704, -0.5729290157739726, -0.36950911989345037, -0.8687574913324771, 0.2221647742867101, -0.348051449651799, 0.900812754985951, -0.41854377786491903, -0.5482263268668266, -0.46700190137347475, -0.34372318463996177, 0.8492912886160415], 'fitness': (0.7821234809027777,), 'features': (5.132499, -8.909257)}]","[{'name': '1710162360859-179', 'genom': [0.2736872918206079, -0.6952296160931837, -0.5786382562373049, 0.8758537528337573, 0.9975173389275467, 0.010464784190955978, 0.7400608955151451, 0.08296650117623283, 0.04376624822585273, -0.018150525334883483, 0.4859081472415665, 0.020561714625031646, 0.06460592242438401, -0.8615693882476201, -0.5392485760547332, -0.038049851829972337, 0.6080943400494381, 0.689779611001949, 0.992971642293696, 0.3445305321969989, 0.11243230679882332, -0.32553652754668017, -0.8350110499931347, 0.6126015177204933, -0.09666399902404477, -0.01521896343999285, -0.8412864159384361, 0.35723733673411817, -0.300997328046972, -0.2559342451595936, 0.03220795067550308, 0.2678160932684843, 0.018892664442166085, 0.7778303778194446, -0.8294316440789795, 0.9834763842738867], 'fitness': (0.9721340497334798,), 'features': (5.033711, -7.626653)}]","[{'name': '1710162360859-179', 'genom': [0.2736872918206079, -0.6952296160931837, -0.6537654579966599, 0.8224695184470379, 0.9950651009445144, -0.011673587303730137, 0.8341423905968428, 0.08296650117623283, -0.0486446349670282, 0.01342445584568508, 0.6136941163761267, 0.020561714625031646, 0.06460592242438401, -0.8318143387154624, -0.4161269499752025, 0.03799520312805349, 0.7214621192092137, 0.6604023319709926, 0.9997386295989819, 0.3445305321969989, 0.11243230679882332, -0.13235906801514075, -0.84274402121765, 0.37544953659516134, -0.09666399902404477, 0.07519156403915028, -0.8412864159384361, 0.35723733673411817, -0.31863211200770225, -0.2626921516984082, 0.03220795067550308, 0.19693281574590715, 0.018892664442166085, 0.8275699733447064, -0.8294316440789795, 0.7566469108443412], 'fitness': (0.949807792239719,), 'features': (5.05651, -6.4834576)}]","[{'name': '1710174095606-3286', 'genom': [-0.759950043739809, 0.988384980878134, -0.588643478838565, 0.9081385002423719, 0.3093149322067916, 0.6527564918120483, -0.7068937199507077, 0.3657833697499757, 0.21986909476443217, -0.022660611271607678, 0.5898713831161779, 0.558036612920461, -0.7035526609684886, 0.8103461158315155, -0.07453721079850095, -0.2749531952513484, 0.13437046373582606, -0.9234339517866363, 0.9729348905018607, 0.5488808420895024, -0.6543256632069254, 0.7905119140556078, 0.311407047012326, 0.2092522457904813, 0.24323359558517121, -0.06746706705978167, 0.11793540483105636, 0.4345769155278194, -0.02276726965016418, 0.865600807554666, 0.7468734405399209, 0.0011485176166661226, -0.44541547116628566, 0.8165524406146965, 0.7825859389527146, 0.9261038485689317], 'fitness': (0.9829928066995409,), 'features': (5.502057, -5.2250614)}]","[{'name': '1710196744356-9229', 'genom': [-0.10344230602197557, -0.05290643461793443, -0.8058618905492303, -0.12571747096572627, -0.41722478026387555, 0.8790614021008933, 0.852970537772529, 0.7259148017843007, 0.2410763748856093, 0.8338960255209173, 0.8226242872704379, -0.18601177517229583, 0.5406845167091472, 0.8183668978094067, -0.9548670929668768, -0.895859560416246, -0.1338644314910229, -0.3992859906383339, 0.508253852455163, -0.515414617899342, -0.1447033493319292, 0.7708964463722434, 0.6466397913524431, -0.16900116325146008, 0.24808142268823974, 0.19483592219496848, 0.36149905714315445, 0.1261629590541884, -0.12028011868584731, 0.5239330773684736, -0.42546785217874405, 0.7946005759498846, -0.3063946967366755, 0.6221187764080651, -0.6608052563969236, 0.07596237813624351], 'fitness': (0.9805759297476875,), 'features': (5.9612556, -4.778612)}]","[{'name': '1710174095606-3286', 'genom': [-0.7616809471974644, 0.9643615137944086, -0.8054797586161948, 0.6554783401397093, 0.3093149322067916, 0.8330270813841552, -0.7068937199507077, 0.3657833697499757, 0.24117159696889634, -0.0022251120090004406, 0.5898713831161779, 0.8637294339870549, -0.7035526609684886, 0.8103461158315155, -0.06052129741373635, -0.32664566429922104, 0.05377253138048732, -0.988378190969484, 0.9170716720656229, 0.8135238093748063, -0.6543256632069254, 0.7905119140556078, 0.40870990345137237, 0.28468070909029763, 0.2718340217966009, -0.24803925006484984, -0.12954945164954945, 0.6597609531223236, -0.02276726965016418, 0.8987864461850297, 0.7468734405399209, -0.15288273403824393, -0.44541547116628566, 0.8165524406146965, 0.7825859389527146, 0.9345056672151137], 'fitness': (0.9952419433328841,), 'features': (5.243085, -3.159559)}]","[{'name': '1710185075293-6163', 'genom': [0.7134167106253642, 0.22432633622992926, 0.6170948888942964, 0.7044481399941767, -0.21285320716170775, 0.37187395908826715, 0.5175978902217735, -0.7026760340231657, 0.4244175925298228, -0.0394018918894119, -0.2771113777223295, 0.8362395628717934, -0.8390225658697124, -0.508431848245535, 0.559704593378471, -0.7763753672735649, 0.43656571293538926, 0.13631261619094714, -0.8384813919134153, -0.7042582218568405, -0.3147298286843252, 0.28668752526272856, 0.7921643055335001, -0.6132634509267503, -0.12534478802067994, 0.6888156777336583, -0.402184569607813, -0.7063468142777625, 0.6232877210345473, 0.38673776454734243, -0.3273846310305406, 0.6150046456059997, -0.7939793296667277, -0.5924519904181664, -0.5686926713741092, -0.34666667302888876], 'fitness': (0.9981017740236389,), 'features': (5.04152, -2.225892)}]","[{'name': '1710180688552-5021', 'genom': [-0.2549495388217138, -0.32614465083060784, -0.7305596753477541, -0.0313295733057668, -0.013180251915476893, -0.7928041030497346, 0.22537587245603707, 0.509695008146321, -0.365091174681365, -0.3824488322555446, -0.6242276412948042, -0.014501321897312458, 0.9388826672693942, 0.36516230591936605, 0.11405771617391536, -0.31641869563633773, 0.4412835974886713, 0.19005297494046602, -0.7274314998897191, 0.294208801731052, -0.8740180378851481, -0.3646150074136074, -0.7564699148401823, -0.5995867628125913, -0.24320127625537058, -0.7089531044191717, -0.6664608385435113, 0.5712166886296084, -0.35370073823300374, -0.80168047654429, 0.7291856427272392, 0.5330029827818012, 0.7428157042013721, 0.8748915712952976, 0.8512826782583991, 0.51792665475343], 'fitness': (0.9521409405602349,), 'features': (5.0123935, -1.6567072)}]","[{'name': '1710194027536-8517', 'genom': [-0.3715580979153188, 0.9018147233928913, -0.08748048649716544, 0.22653143123371433, 0.20128067591151333, 0.38538271269075075, -0.6584290421376362, -0.5218826578777263, -0.12850961415959739, 0.2270311063426631, -0.7477159307839729, 0.5207353918592741, -0.9657147027301445, -0.06479099891288809, 0.7022440338523572, 0.680621576713125, 0.6175382958404583, 0.46260104021619664, 0.030290006032591466, -0.5692016255420207, -0.3577481850831883, -0.16698549281060737, -0.5993398523839868, -0.26895467559115827, -0.9577976396991197, -0.75203905180352, 0.025553470780230292, 0.42224741288053, 0.13970864458718557, 0.8329945458999493, -0.5335054647222177, 0.3511976920428137, -0.10310473578837653, -0.9865415773043598, -0.7903650316085427, 0.6940927247212603], 'fitness': (0.9916372749540541,), 'features': (5.7190123, -0.37690166)}]","[{'name': '1710164489401-745', 'genom': [-0.19588389571767806, 0.7467209471987064, 0.006163755142875482, -0.7441783451918667, -0.4355305223221737, 0.8625264587408568, 0.9210804543017006, 0.6660441379704793, -0.3785379294530098, 0.46115079909782253, 0.07628247112604147, -0.17874319773589953, 0.7380469603106568, -0.7218001613816272, 0.10794090051060379, 0.8462465916046709, -0.5251622842992996, 0.4745483539007753, -0.034036132629647886, 0.7969848132315123, -0.2564824408366544, 0.14621832326904372, -0.5139840892224374, 0.7018977827617257, 0.580328343167577, -0.14625193605040465, 0.44390872455387176, -0.6743472947391345, 0.9011120846110345, 0.8465780152614246, -0.5647957208472969, 0.20561540917200305, -0.5545858324863924, -0.4273745227270187, 0.11097460904424494, 0.08783346084395882], 'fitness': (0.9797896067301433,), 'features': (5.6341662, 0.3440326)}]","[{'name': '1710164489401-745', 'genom': [-0.560926457775409, 0.7467209471987064, 0.006163755142875482, -0.5449846519521586, -0.4521980105054455, 0.8625264587408568, 0.9210804543017006, 0.5943423194499087, -0.3785379294530098, 0.4706642092840674, 0.07628247112604147, 0.007870278865188762, 0.7380469603106568, -0.7218001613816272, 0.17449859560872816, 0.8462465916046709, -0.597509423899172, 0.44262882612835863, -0.034036132629647886, 0.8346690266343391, -0.2378643044362394, 0.14621832326904372, -0.43889907050941246, 0.787732908524801, 0.4674859360028283, -0.22152238453476736, 0.27952665414655864, -0.6868812912625439, 0.9958513285842479, 0.7389268724654963, -0.5513426588600581, 0.28754158682173814, -0.48287184172162334, -0.3019669858505081, 0.11097460904424494, 0.08783346084395882], 'fitness': (0.9771582709418403,), 'features': (5.624109, 1.1779426)}]","[{'name': '1710161885170-59', 'genom': [-0.9955701106451258, 0.4131496664719889, 0.5221024289029133, 0.8628754547020043, -0.8811564843439215, 0.5136131303973448, 0.08784531695276288, 0.6812467292268791, -0.4981277168007736, 0.3880816481112035, -0.7981552054569852, 0.8877302488292249, 0.9751513325505383, -0.2689804073588782, -0.8478581057181402, 0.8578268091037438, -0.7917899864768914, 0.13953855728067022, 0.8993810737511376, -0.449870450193951, 0.9851889135612844, 0.6750536723371603, 0.11982346542775568, -0.6197945998592991, 0.024196869203605642, 0.7375017048068602, -0.34700782316720624, 0.4012316200614132, -0.724732317357837, 0.5770052883293457, -0.7625120645709333, 0.06388689589003826, -0.04839003689648824, -0.05939197073268465, 0.6453506592131533, -0.366936084367002], 'fitness': (0.9840333435270522,), 'features': (5.52352, 2.9507742)}]","[{'name': '1710164563724-764', 'genom': [0.27216926372593253, -0.20417638735967936, -0.7186982093799308, 0.40242950451429627, -0.264684264434522, 0.0029145481196606315, 0.6236957182775063, 0.4383276699545713, 0.49266516469752486, -0.9797676975537837, 0.7312465993083324, -0.93678082618208, -0.6737604565518771, 0.7264013757977061, -0.1361019526375673, -0.04998828911792197, 0.7324030760718911, -0.6216257210230696, -0.45734079384475734, 0.11445167965602843, -0.7924412118375819, -0.4204504331716086, -0.0008635383914821215, -0.9631933434135389, 0.7921464368473754, -0.5271907928853079, -0.2393516985794013, -0.9596180078888894, 0.3506660864674447, 0.9367922816223624, -0.9100585430885499, 0.48352343088031535, 0.44217930316959553, 0.6503444978472737, -0.9253292546477385, 0.9162521355970126], 'fitness': (0.9592365211910672,), 'features': (5.6140037, 3.137636)}]","[{'name': '1710164563724-764', 'genom': [0.27216926372593253, -0.20417638735967936, -0.7186982093799308, 0.40242950451429627, -0.264684264434522, 0.0029145481196606315, 0.6236957182775063, 0.4383276699545713, 0.5068234734106476, -0.9797676975537837, 0.7312465993083324, -0.8675882167372548, -0.6737604565518771, 0.7264013757977061, -0.1361019526375673, -0.04998828911792197, 0.8612475067316081, -0.6216257210230696, -0.5510043224552053, 0.19967250117872615, -0.7924412118375819, -0.4204504331716086, -0.0008635383914821215, -0.9631933434135389, 0.650722499889637, -0.5271907928853079, -0.23023587484897678, -0.9596180078888894, 0.3506660864674447, 0.9367922816223624, -0.9100585430885499, 0.48352343088031535, 0.44217930316959553, 0.6318319391702791, -0.9253292546477385, 0.9162521355970126], 'fitness': (0.9911077141761779,), 'features': (5.785514, 4.0625362)}]","[{'name': '1710161885170-59', 'genom': [-0.9892842420763808, 0.2031094130307043, 0.6000504074322814, 0.727977852677915, -0.8523540256101665, 0.4777840729554681, 0.18610204395230867, 0.6779502417054974, -0.4981277168007736, 0.193650666511189, -0.7981552054569852, 0.7979819355667077, 0.9560573535796948, -0.34315624542054146, -0.7844177156271266, 0.6539252466879792, -0.735914005233745, 0.30925302480579364, 0.8904053619368686, -0.4232645786113347, 0.9851889135612844, 0.6371229864810282, 0.11982346542775568, -0.6197945998592991, -0.04227863716175495, 0.8747431505042533, -0.2060050029802838, 0.4373301818736297, -0.6349825361783916, 0.5746410306440632, -0.67462865184526, 0.11272497714366159, -0.1434425860813615, -0.04076389282975246, 0.6453506592131533, -0.3535181680581376], 'fitness': (0.980657590760125,), 'features': (5.201242, 5.453515)}]","[{'name': '1710161729634-20', 'genom': [0.6538746107310591, 0.10208360900304814, 0.252416369565968, 0.8354969881143857, 0.03531800197102686, -0.3710787235703519, -0.2876560174407967, -0.4738275519424442, -0.20163013720439893, 0.6323584182071327, 0.9952990432638085, 0.42995457021780314, -0.12109611099119255, 0.8303011529957043, 0.8802701137487718, -0.29447615236922675, -0.03943139176152566, -0.3923701693766146, 0.8025297483771958, -0.631220537863751, -0.5997553254636689, 0.5916648211802502, -0.1929406424322322, 0.9054195585582558, -0.9859993064559334, -0.18640433839547077, -0.2063463921409736, 0.800533191039549, -0.8458189008287249, 0.10671137115059515, -0.5101638872649426, 0.5940674268702593, 0.2704819589153995, -0.1861093920454282, 0.1486506756659054, 0.19820892829032122], 'fitness': (0.8140623304578993,), 'features': (5.915459, 6.6083426)}]","[{'name': '1710161729634-20', 'genom': [0.7712658788103954, 0.10208360900304814, 0.2809776414739247, 0.8120068277532844, 0.03531800197102686, -0.42816305772357377, -0.057993532037170725, -0.4738275519424442, -0.15090626552143172, 0.6323584182071327, 0.9761993279588363, 0.45572956729588876, -0.12109611099119255, 0.8303011529957043, 0.8583818910665832, -0.34452389622116475, 0.11564123347269106, -0.4298564460332428, 0.8025297483771958, -0.631220537863751, -0.5997553254636689, 0.4693142900073213, -0.1929406424322322, 0.9043861841708127, -0.8708182480121047, -0.18640433839547077, -0.16869977533504277, 0.8129198724104192, -0.8760344937658711, 0.01047084802760212, -0.4165368795825726, 0.5940674268702593, 0.2704819589153995, -0.2141370867053709, 0.1486506756659054, 0.23156242474305277], 'fitness': (0.7957530127631294,), 'features': (5.9697847, 7.5457287)}]","[{'name': '1710161729634-20', 'genom': [0.7712658788103954, 0.10208360900304814, 0.25620763879599795, 0.8120068277532844, 0.03531800197102686, -0.42816305772357377, -0.057993532037170725, -0.4738275519424442, -0.15090626552143172, 0.6323584182071327, 0.9761993279588363, 0.45572956729588876, -0.12109611099119255, 0.8303011529957043, 0.8583818910665832, -0.34452389622116475, 0.11564123347269106, -0.4298564460332428, 0.8025297483771958, -0.631220537863751, -0.6228574928474673, 0.4693142900073213, -0.24561532647631945, 0.8442329447180343, -0.8708182480121047, -0.18640433839547077, -0.16869977533504277, 0.8492456738629823, -0.8295805654122173, -0.10003689209062228, -0.035908094931448975, 0.5940674268702593, 0.2704819589153995, -0.2141370867053709, 0.19024730612962948, 0.23156242474305277], 'fitness': (0.9577817810906304,), 'features': (5.468354, 8.577324)}]","[{'name': '1710161729634-20', 'genom': [0.6828052804917177, 0.10208360900304814, 0.25620763879599795, 0.9160963789523748, 0.03531800197102686, -0.42816305772357377, -0.057993532037170725, -0.4738275519424442, -0.15090626552143172, 0.7020366078463742, 0.9979977694630411, 0.21693588205571035, -0.12109611099119255, 0.8303011529957043, 0.8583818910665832, -0.34452389622116475, 0.11564123347269106, -0.4298564460332428, 0.8025297483771958, -0.631220537863751, -0.6228574928474673, 0.4693142900073213, -0.24561532647631945, 0.8442329447180343, -0.8708182480121047, -0.18640433839547077, -0.16869977533504277, 0.8492456738629823, -0.8295805654122173, 0.011999867053102964, -0.035908094931448975, 0.5940674268702593, 0.2704819589153995, -0.2141370867053709, 0.19024730612962948, 0.145199772271841], 'fitness': (0.9759396235148112,), 'features': (5.609622, 9.789053)}]"
16,"[{'name': '1710163033453-375', 'genom': [-0.4879666863444079, 0.3746766651393729, 0.9311576320349058, 0.05460157858267567, -0.9057921809713256, 0.44482359461644516, 0.7201285604526784, 0.8538279852199573, -0.5939874020728986, 0.20126030591621236, 0.763419950258986, -0.30353916746987997, -0.9632208898606023, -0.641495259598486, 0.09114299583152419, 0.49814457946476587, 0.5910421096497158, -0.6023196993106055, 0.7068525432858155, -0.7029736354315541, 0.2509357345832066, 0.9840603257901959, 0.21588908351860914, -0.45749372435280256, 0.8161207969715483, 0.974332229470583, -0.13805892375970608, -0.6089807806558276, 0.958279385717884, 0.8111582644979465, 0.12259281882407391, 0.8630359172485524, 0.9991835714327704, 0.8174171253046172, 0.3651504771782017, -0.5213892580905615], 'fitness': (0.9191535896725125,), 'features': (6.325923, -9.7430935)}]","[{'name': '1710162079520-108', 'genom': [-0.9428102454507521, 0.005691222411394969, -0.7109989355289343, 0.566950300569961, 0.09492831529076051, 0.4445032236924771, 0.12938579943395734, 0.41519213103967223, -0.6496588407838553, 0.1813634240493891, 0.9758926904367384, -0.48530169963866765, -0.3729084316523634, 0.3331338895257383, 0.7658104846467362, 0.035118852656443655, 0.3469990549833559, 0.3501504173793948, 0.7078364747015111, 0.7024360208551563, 0.22909014709518538, 0.8319987710263743, 0.2335196346666757, 0.5569711631129521, -0.6706853597327627, 0.2444838746866156, -0.5898542349004565, -0.5585371292939953, 0.7081892155350795, 0.6519705196830277, -0.6189637849098004, -0.11583058955099368, 0.07142958708882086, 0.07474675040361278, 0.9832724722777517, -0.747434985455028], 'fitness': (0.7208135816786024,), 'features': (6.8337545, -8.796203)}]","[{'name': '1710174095606-3286', 'genom': [-0.7802713365717979, 0.9643615137944086, -0.8683187821727878, 0.8417768160251478, 0.22812704219457736, 0.8280874423717555, -0.7068937199507077, 0.2998471286117028, 0.24117159696889634, -0.0310311979224831, 0.5532853895163705, 0.8557397473672401, -0.7035526609684886, 0.6470051054436978, -0.04382931541860291, -0.36749371311528045, 0.021390071011228473, -0.8094976718042568, 0.9968259327378848, 0.7236918288631087, -0.29230081927362517, 0.6474277188912205, 0.527638512502967, 0.11797299099729708, 0.585736498049332, -0.13259622332453835, -0.08351788942896432, 0.7298954136787543, -0.34302692885429575, 0.7970592017792653, 0.8307934891683155, 0.18541494314283846, -0.475865659461403, 0.859369507310187, 0.7825859389527146, 0.5116545692781787], 'fitness': (0.965509049097697,), 'features': (6.04664, -7.0581813)}]","[{'name': '1710186586109-6561', 'genom': [-0.8180199015018152, -0.366847679945435, -0.6229234490079112, -0.4586837816819014, -0.2682232801233315, -0.022033949187885815, -0.18148631650900438, 0.5562874365226995, -0.41246761091768214, 0.9939937346652135, -0.12678294362335807, 0.6932160004706764, 0.6191859252878757, -0.9061695398984153, 0.911501007184949, 0.7463169771389142, 0.38151454224124937, -0.576801116111576, -0.5666171812719065, -0.3907612074407538, -0.6515609639981366, -0.2506278652242373, -0.9428200681796701, 0.5698260198175604, -0.3174698047283373, -0.07701803071622537, 0.7738728391223821, 0.597808363978757, -0.785059600800065, 0.13527013365620655, 0.6534381734731824, -0.520216058012865, 0.9738486031072537, 0.3375257426806171, -0.49625168258364694, -0.20728836214407842], 'fitness': (0.9392499287923177,), 'features': (6.6387496, -6.8300676)}]","[{'name': '1710174095606-3286', 'genom': [-0.7802713365717979, 0.9643615137944086, -0.8683187821727878, 0.9992291451044348, 0.22812704219457736, 0.8280874423717555, -0.7068937199507077, 0.2998471286117028, 0.24117159696889634, -0.0310311979224831, 0.5532853895163705, 0.8637294339870549, -0.7035526609684886, 0.6470051054436978, -0.04382931541860291, -0.36749371311528045, 0.03982309676468865, -0.8094976718042568, 0.9968259327378848, 0.7236918288631087, -0.29230081927362517, 0.6474277188912205, 0.527638512502967, 0.11797299099729708, 0.585736498049332, -0.17272023679515236, -0.08351788942896432, 0.7298954136787543, -0.16919342802959236, 0.7970592017792653, 0.8307934891683155, 0.18541494314283846, -0.475865659461403, 0.859369507310187, 0.7825859389527146, 0.6019168311073382], 'fitness': (0.9922887484232584,), 'features': (6.837184, -5.8312473)}]","[{'name': '1710174095606-3286', 'genom': [-0.7040780799762685, 0.9643615137944086, -0.8683187821727878, 0.9888504760744907, 0.3104457234569431, 0.8420499192361663, -0.7068937199507077, 0.2998471286117028, 0.24117159696889634, -0.0022251120090004406, 0.5532853895163705, 0.8637294339870549, -0.7035526609684886, 0.6470051054436978, -0.04382931541860291, -0.36749371311528045, 0.13437046373582606, -0.9481534763446406, 0.9968259327378848, 0.7236918288631087, -0.29230081927362517, 0.6474277188912205, 0.527638512502967, 0.11797299099729708, 0.44291493984980534, -0.17272023679515236, -0.17005431502292523, 0.6686651252932392, -0.16919342802959236, 0.7970592017792653, 0.8307934891683155, 0.21351806393582207, -0.475865659461403, 0.859369507310187, 0.7825859389527146, 0.8317305802857731], 'fitness': (0.9960826317469279,), 'features': (6.31821, -4.829333)}]","[{'name': '1710162911978-336', 'genom': [-0.5127256417601058, 0.8664605122370597, -0.1512876040732678, -0.856895020302832, -0.804791229996169, 0.3365991531524819, 0.9434309079509422, -0.9900812053494041, 0.937589925010045, 0.799300919434722, -0.7219534338641589, 0.01661273338414504, 0.1941538507790861, 0.7987460793131067, -0.1946796147775791, 0.9621039276613896, -0.02777806630412427, 0.41740090729392776, -0.7065011437796034, -0.44978883621601606, 0.37083150413630106, 0.23001422549421235, -0.37655193296674283, 0.6596267865150103, 0.3895315904232626, -0.7943808721612715, 0.6999477270105428, 0.6515704014110133, 0.5064100576775454, -0.7630041391390765, 0.16165820876354653, -0.33161102698294287, 0.2585475678353828, -0.18873244181096216, 0.9499690629597979, 0.7725942806262522], 'fitness': (0.9549980587429471,), 'features': (6.6386228, -3.6387417)}]","[{'name': '1710164489401-745', 'genom': [-0.19588389571767806, 0.7467209471987064, 0.006163755142875482, -0.7441783451918667, -0.4521980105054455, 0.8438450418095034, 0.9210804543017006, 0.7010784152443763, -0.3785379294530098, 0.531249958200757, 0.07628247112604147, -0.17874319773589953, 0.7380469603106568, -0.7218001613816272, 0.10794090051060379, 0.8462465916046709, -0.597509423899172, 0.4745483539007753, -0.034036132629647886, 0.9329980418354684, -0.30479319140809835, 0.14621832326904372, -0.43889907050941246, 0.7194534212044901, 0.4647272751556011, -0.14625193605040465, 0.27952665414655864, -0.6743472947391345, 0.9955319273532255, 0.8543231617858296, -0.5546790126789574, 0.28754158682173814, -0.7149675765673236, -0.3019669858505081, 0.11097460904424494, 0.08783346084395882], 'fitness': (0.974882091416253,), 'features': (6.531945, -2.9258914)}]","[{'name': '1710164954112-871', 'genom': [-0.33623045597843393, -0.20720843714431858, -0.32081884230213364, 0.6614000782148273, -0.4320647863917868, -0.4265736927673469, 0.6239883784958313, -0.9070574476777258, -0.7291945530739095, -0.00011473720981336477, -0.8602937281670766, 0.4485767434347947, -0.7890116471825159, -0.18427709834484896, 0.868402400203196, -0.03028275400042202, 0.11995149392259297, 0.9179351404127492, -0.6962219663014453, -0.10380015824747746, -0.8459626781429754, -0.4240573738459954, -0.7497208855052473, 0.7302113157516288, 0.37013016628692297, 0.9099424840057821, 0.16844574421340086, 0.019603713444949378, 0.8886244426105885, 0.29185224814530475, -0.14257022630507787, 0.431982144851462, 0.058487375626238736, 0.33166394557050394, 0.6565264598297085, -0.9512891128199152], 'fitness': (0.9225426620907253,), 'features': (6.6908507, -1.2920824)}]","[{'name': '1710164489401-745', 'genom': [-0.22976132354584777, 0.7467209471987064, 0.006163755142875482, -0.5449846519521586, -0.4521980105054455, 0.8625264587408568, 0.9210804543017006, 0.5943423194499087, -0.3785379294530098, 0.4706642092840674, 0.07628247112604147, 0.007870278865188762, 0.7380469603106568, -0.6754010307149407, 0.17449859560872816, 0.8462465916046709, -0.597509423899172, 0.44262882612835863, -0.034036132629647886, 0.8346690266343391, -0.2378643044362394, 0.2480701066359372, -0.43889907050941246, 0.787732908524801, 0.4674859360028283, -0.22152238453476736, 0.27952665414655864, -0.6868812912625439, 0.9958513285842479, 0.7389268724654963, -0.5583118215990548, 0.28754158682173814, -0.48287184172162334, -0.21452619683514662, 0.11097460904424494, 0.08783346084395882], 'fitness': (0.9931672937340207,), 'features': (6.1886244, -0.059435766)}]","[{'name': '1710169329358-2029', 'genom': [-0.48075018909965683, 0.5961042644898564, -0.3607574643599205, -0.3397688859812642, 0.7678813991311786, -0.5086836082307391, 0.7982342605646051, -0.7737154545853253, -0.3125240623113914, -0.26759195739333475, 0.17719449174284962, -0.6472124183182835, 0.3356512662132214, -0.03328090453933519, -0.028449807523082793, -0.12484486396691641, 0.5332704623106148, 0.12759312339109918, -0.39666503401203146, -0.369562110138113, 0.057105749434958275, -0.8550732641100811, -0.11959322957371454, -0.10326184372852554, -0.24849657802393876, -0.012513629787226144, 0.9442605548861969, 0.9611576319999966, -0.40819641729319733, 0.8696701149136303, 0.0558309469479612, 0.21985101558885467, -0.48441338069600737, 0.3763767574002441, -0.45630506383197766, 0.26421073258436456], 'fitness': (0.985111321343316,), 'features': (6.0286694, 0.6575385)}]","[{'name': '1710164563724-764', 'genom': [0.27216926372593253, -0.20417638735967936, -0.7178630635302574, 0.40242950451429627, -0.232253872309806, -0.012209872171264013, 0.6236957182775063, 0.4383276699545713, 0.5068234734106476, -0.9797676975537837, 0.896373017465879, -0.89175468182988, -0.6737604565518771, 0.7264013757977061, -0.1361019526375673, 0.16199483340999676, 0.8950717055981146, -0.6878391040145948, -0.47215846864222577, 0.2937876138630522, -0.9203184031690363, -0.39830250248692556, -0.0008635383914821215, -0.9873946795142499, 0.5955138753324798, -0.5271907928853079, -0.15578178888329264, -0.9596180078888894, 0.33948457428156087, 0.9375191553407272, -0.9100585430885499, 0.48352343088031535, 0.44217930316959553, 0.6318319391702791, -0.8842413125428521, 0.958418692085605], 'fitness': (0.8817964659796821,), 'features': (6.040455, 1.52047)}]","[{'name': '1710161885170-59', 'genom': [-0.9892842420763808, 0.2031094130307043, 0.6000504074322814, 0.727977852677915, -0.8523540256101665, 0.46177751532416633, 0.18610204395230867, 0.6779502417054974, -0.4981277168007736, 0.193650666511189, -0.7981552054569852, 0.7979819355667077, 0.9560573535796948, -0.29013356444609006, -0.7844177156271266, 0.6539252466879792, -0.735914005233745, 0.30925302480579364, 0.9085339513921358, -0.4232645786113347, 0.9851889135612844, 0.6371229864810282, 0.11982346542775568, -0.6197945998592991, 0.024196869203605642, 0.8747431505042533, -0.2778753985441458, 0.4373301818736297, -0.6349825361783916, 0.5746410306440632, -0.67462865184526, 0.11272497714366159, -0.1434425860813615, -0.04076389282975246, 0.6453506592131533, -0.3535181680581376], 'fitness': (0.958860354953342,), 'features': (6.189852, 2.5155642)}]","[{'name': '1710161729634-20', 'genom': [0.7001090471132045, 0.10208360900304814, 0.2809776414739247, 0.8120068277532844, 0.03531800197102686, -0.42816305772357377, -0.057993532037170725, -0.4738275519424442, -0.3423884596769431, 0.6623155080173331, 0.9761993279588363, 0.45572956729588876, -0.05064073262177948, 0.8303011529957043, 0.8890155800553623, -0.4162359137911553, -0.05332452142526978, -0.4298564460332428, 0.8025297483771958, -0.631220537863751, -0.68266789021704, 0.30509232490613636, -0.2449198643377124, 0.9186336788291287, -0.8708182480121047, -0.046595193134827184, -0.16869977533504277, 0.8129198724104192, -0.8760344937658711, 0.01047084802760212, -0.45106451030280836, 0.5940674268702593, 0.3034448447326106, -0.2141370867053709, 0.1508549798953185, 0.0607030463128877], 'fitness': (0.9548501544528537,), 'features': (6.8519225, 3.4087603)}]","[{'name': '1710161729634-20', 'genom': [0.7641940937122969, 0.10208360900304814, 0.2809776414739247, 0.6973526934246512, 0.03531800197102686, -0.42816305772357377, -0.057993532037170725, -0.54106016144549, -0.3423884596769431, 0.6623155080173331, 0.9761993279588363, 0.45572956729588876, -0.05064073262177948, 0.8303011529957043, 0.8890155800553623, -0.4162359137911553, -0.05332452142526978, -0.4298564460332428, 0.8025297483771958, -0.631220537863751, -0.6791416517108724, 0.30509232490613636, -0.2449198643377124, 0.975121994337665, -0.8708182480121047, -0.046595193134827184, -0.16869977533504277, 0.8129198724104192, -0.8760344937658711, 0.01047084802760212, -0.45106451030280836, 0.5940674268702593, 0.3034448447326106, -0.2141370867053709, 0.1508549798953185, 0.0607030463128877], 'fitness': (0.8954308933681911,), 'features': (6.89656, 4.2768316)}]","[{'name': '1710161729634-20', 'genom': [0.6686502171395452, 0.10208360900304814, 0.2809776414739247, 0.8120068277532844, 0.03531800197102686, -0.42816305772357377, -0.057993532037170725, -0.4738275519424442, -0.3423884596769431, 0.6323584182071327, 0.9761993279588363, 0.45572956729588876, -0.12109611099119255, 0.8303011529957043, 0.8517794746024516, -0.34452389622116475, -0.05332452142526978, -0.4298564460332428, 0.8025297483771958, -0.631220537863751, -0.68266789021704, 0.4693142900073213, -0.26844231013901276, 0.9043861841708127, -0.8708182480121047, -0.18640433839547077, -0.16869977533504277, 0.8129198724104192, -0.8760344937658711, 0.01047084802760212, -0.4165368795825726, 0.5940674268702593, 0.2704819589153995, -0.2141370867053709, 0.1486506756659054, 0.23156242474305277], 'fitness': (0.9654897318945991,), 'features': (6.8200173, 5.661874)}]","[{'name': '1710162028120-95', 'genom': [0.33459832695864433, 0.8977072777292858, 0.8928675547933502, 0.16756927446671344, 0.8393397591127645, 0.2904320110473042, 0.25947906308643565, 0.13924813464965413, 0.9493986291368626, 0.8412045707662392, -0.8564614222936735, -0.46708105935617117, 0.807777019655775, -0.8015121183513179, -0.7267346746300445, -0.14737588528602497, 0.009534827524811051, 0.6890574969416485, 0.4346824095569115, -0.8337213138354889, -0.8025865967307653, 0.8657407782541351, -0.2544285263254624, 0.5336590213206731, 0.8180140833318046, 0.18400011964483975, -0.06170534816454443, -0.6451266480921773, 0.5349140588501509, 0.4938755506002803, 0.5422684995110223, -0.4144441025012353, 0.12977785438624267, -0.5201377034585737, -0.9947926505493767, 0.8400448495942368], 'fitness': (0.9410976833767362,), 'features': (6.2659144, 6.177795)}]","[{'name': '1710162028120-95', 'genom': [0.33459832695864433, 0.8977072777292858, 0.8928675547933502, 0.16756927446671344, 0.7396998753337871, 0.3204337001182407, 0.25947906308643565, 0.13924813464965413, 0.9881913489155847, 0.7782281029011684, -0.9166694567159785, -0.41892392152823854, 0.9157209699146407, -0.8546610008873596, -0.7267346746300445, -0.14737588528602497, 0.03988721636713621, 0.6121624798025778, 0.4346824095569115, -0.8337213138354889, -0.7487784923536167, 0.8657407782541351, -0.25065156992778026, 0.5749529548509942, 0.9513885324526294, 0.18400011964483975, -0.06170534816454443, -0.6451266480921773, 0.5349140588501509, 0.4336685144261443, 0.2986075742029215, -0.626480202013554, 0.12977785438624267, -0.5201377034585737, -0.9969353757810091, 0.7453647701665498], 'fitness': (0.9167018148634168,), 'features': (6.3881354, 7.757355)}]","[{'name': '1710161729634-20', 'genom': [0.7712658788103954, 0.10208360900304814, 0.2809776414739247, 0.8354969881143857, 0.03531800197102686, -0.3710787235703519, -0.2876560174407967, -0.426505061658744, -0.09194189482982162, 0.6131515859553305, 0.9761993279588363, 0.5033310574582528, -0.12109611099119255, 0.8303011529957043, 0.8583818910665832, -0.29447615236922675, 0.034545262910016916, -0.3923701693766146, 0.8856775331680216, -0.631220537863751, -0.6057464992613932, 0.45170673378932835, -0.1929406424322322, 0.9054195585582558, -0.9859993064559334, -0.18640433839547077, -0.16869977533504277, 0.8129198724104192, -0.8458189008287249, 0.10671137115059515, -0.46736708273068905, 0.5940674268702593, 0.2704819589153995, -0.1861093920454282, 0.30257289373164187, 0.33066344849979923], 'fitness': (0.8448688295152452,), 'features': (6.879441, 8.866968)}]","[{'name': '1710161729634-20', 'genom': [0.7775000387820237, 0.10208360900304814, 0.25620763879599795, 0.8120068277532844, 0.03531800197102686, -0.42816305772357377, -0.057993532037170725, -0.4738275519424442, -0.15090626552143172, 0.6323584182071327, 0.9233065443294695, 0.45572956729588876, -0.12109611099119255, 0.8303011529957043, 0.8583818910665832, -0.34452389622116475, 0.11564123347269106, -0.2792139028756586, 0.8025297483771958, -0.631220537863751, -0.6176010492110302, 0.4106342895086339, -0.24561532647631945, 0.8442329447180343, -0.9193747486839967, -0.18640433839547077, -0.32797710720228723, 0.9546948787099405, -0.8295805654122173, -0.16897493211919068, -0.035908094931448975, 0.5940674268702593, 0.2704819589153995, -0.2141370867053709, 0.19024730612962948, 0.18716858932968394], 'fitness': (0.9894826889038086,), 'features': (6.2151546, 9.5723095)}]"
17,"[{'name': '1710165833226-1099', 'genom': [-0.7198932621223251, -0.6707439165331843, 0.9766431916034117, -0.972397257848765, 0.6330848989706206, 0.7380221662308448, 0.2179451329341271, 0.3222325798648449, 0.07607553974403425, 0.07762645919696931, 0.07629100683586287, -0.5402374637456748, 0.5403121160183049, 0.9209714959195996, 0.2178107048910949, 0.18862966195157505, -0.42421608230011376, 0.4411569232937582, -0.3464131395926624, -0.6639963438438561, -0.41855973904460697, 0.9642719448747479, -0.574006944948843, 0.6501439914920513, 0.4128776803095586, -0.07880977006048373, 0.9436129931704906, -0.32071786020733195, 0.788013252446985, 0.9314226095282776, 0.2268949700634164, -0.47233205487165186, -0.38926065978525415, 0.7788633258060396, 0.9056773445537876, 0.8674921196129934], 'fitness': (0.3810796949598524,), 'features': (7.2222996, -9.728289)}]","[{'name': '1710163033453-375', 'genom': [-0.2667364076576151, 0.3989333600985454, 0.736890476392903, -0.14029441979469803, -0.9057921809713256, 0.3231657507560559, 0.8140479371673441, 0.8538279852199573, -0.9915731643845034, 0.2476164319142693, 0.763419950258986, -0.5380492700658472, -0.9632208898606023, -0.3887777624615769, 0.24295512046815704, 0.37603161384809636, 0.6076735609830193, -0.7057862881240167, 0.7340107756404113, -0.7143609173716425, 0.12347431116833407, 0.9903131817349404, 0.23988372757437104, -0.386452671728293, 0.8161207969715483, 0.8985090132666098, -0.06667450228902627, -0.8249288573039515, 0.9969216626610466, 0.4984250477580887, 0.12259281882407391, 0.8533038207700154, 0.9999595166076589, 0.7807672606047238, 0.3651504771782017, -0.46902835411729393], 'fitness': (0.6147288428412543,), 'features': (7.4974604, -8.570999)}]","[{'name': '1710183133044-5664', 'genom': [-0.21625099131603887, 0.24299739248399232, -0.5620922253986544, 0.5817452944497832, 0.25139979368556786, 0.8934824616083064, -0.1355176864696941, 0.8828636136243821, 0.9102048728025998, -0.32278472948919323, -0.17758851993324098, 0.5488220052826336, -0.0696642875414959, -0.9395977274545557, 0.6711108668047006, 0.8980409108682317, -0.24981416977574922, 0.6721065812108893, 0.4109643518537416, -0.8734644110206482, 0.38124367301701567, 0.3364934652460152, 0.026397365992818056, -0.27414932645565915, 0.3903210138014226, -0.9731306051574014, 0.04987344839032515, 0.7000515601776065, 0.6154600093696942, 0.421648302142303, 0.15096708301635497, -0.8771171881080502, -0.9089757315123019, 0.34667591054367053, -0.9136399409643527, 0.7306048280372706], 'fitness': (0.9813711378309462,), 'features': (7.832493, -7.8281426)}]","[{'name': '1710174095606-3286', 'genom': [-0.7040780799762685, 0.9747650275290891, -0.8683187821727878, 0.9992291451044348, 0.22812704219457736, 0.8280874423717555, -0.7400716876576947, 0.2998471286117028, 0.26092610201186606, -0.0310311979224831, 0.5532853895163705, 0.8637294339870549, -0.7035526609684886, 0.6470051054436978, -0.04382931541860291, -0.36749371311528045, 0.13437046373582606, -0.8094976718042568, 0.9968259327378848, 0.7236918288631087, -0.15608296427439794, 0.6474277188912205, 0.527638512502967, 0.11797299099729708, 0.585736498049332, -0.17272023679515236, -0.08351788942896432, 0.6686651252932392, -0.300542484797641, 0.7970592017792653, 0.8307934891683155, 0.18541494314283846, -0.475865659461403, 0.859369507310187, 0.7825859389527146, 0.6019168311073382], 'fitness': (0.9735028584798177,), 'features': (7.9050255, -6.707038)}]","[{'name': '1710170295450-2273', 'genom': [0.8217114395200482, 0.7354222365884919, 0.7137598984871567, -0.881479479531412, -0.7430816508866152, -0.8978560143062035, 0.7002741386055298, -0.9141465285865751, -0.19935278662455613, 0.9935144610034492, -0.004664140270206785, 0.8955821422442471, -0.5521883620939199, -0.9389571784201745, -0.9810796788377265, 0.5002713002884454, -0.7306308096904499, 0.272956797654498, 0.44094132474303893, 0.2952704169903333, 0.5148285493505809, -0.5848888038615379, -0.7267554660788358, -0.19827112511094747, -0.8821351668622697, -0.27130297768621636, -0.23492581082356434, 0.9147878591077516, 0.6571877791478029, -0.23084350397092646, 0.8317599489125236, -0.97980593892727, 0.9059364244382262, -0.3608399330077081, 0.2507599461179846, -0.21399034915201853], 'fitness': (0.9257399559020996,), 'features': (7.1862526, -5.7941346)}]","[{'name': '1710167877054-1637', 'genom': [0.6457122689836017, -0.03988222801565988, -0.936169876048268, 0.17625010109092232, -0.21046486937059838, -0.4556036715326657, 0.5084466169918676, -0.25217265081981854, 0.25640701045358494, -0.4685217893016582, 0.29801216393460894, -0.4461331981611665, 0.8473772682603684, 0.31332082196879507, -0.4564344826363591, 0.8581627022506011, 0.9550357848929452, 0.6547113840982213, -0.4657555770179038, -0.9613156543387043, 0.4021211986991995, 0.25692353169814464, -0.9760815387415611, 0.9858693515726031, -0.6192137066187149, -0.8544435251129221, 0.6893595259128753, 0.817802465735032, 0.1634188596912043, -0.7475013922733311, 0.01187516438773617, -0.2989863412407283, -0.1779990283832733, -0.5308389430390015, -0.5665758199293098, 0.29336399712299466], 'fitness': (0.9956232335832383,), 'features': (7.2372127, -4.2102737)}]","[{'name': '1710163033453-375', 'genom': [-0.4879666863444079, 0.3746766651393729, 0.8258049837168502, 0.05460157858267567, -0.9057921809713256, 0.44482359461644516, 0.8140479371673441, 0.8538279852199573, -0.5939874020728986, 0.2476164319142693, 0.763419950258986, -0.5380492700658472, -0.9632208898606023, -0.641495259598486, 0.09114299583152419, 0.46450986086342483, 0.7307862283188018, -0.6023196993106055, 0.7340107756404113, -0.7143609173716425, 0.09834367257368837, 0.9840603257901959, 0.19570138197702613, -0.4485361867949691, 0.8161207969715483, 0.974332229470583, -0.06667450228902627, -0.6089807806558276, 0.9785761422510297, 0.4984250477580887, 0.12259281882407391, 0.8710645862057442, 0.9977042240886766, 0.7807672606047238, 0.3651504771782017, -0.5213892580905615], 'fitness': (0.9838883307245042,), 'features': (7.894623, -3.9562585)}]","[{'name': '1710174095606-3286', 'genom': [-0.7616809471974644, 0.980590233642554, -0.8054797586161948, 0.6554783401397093, 0.3093149322067916, 0.8330270813841552, -0.7068937199507077, 0.3657833697499757, 0.24117159696889634, 0.012964827090228725, 0.5898713831161779, 0.8637294339870549, -0.7035526609684886, 0.8103461158315155, -0.23558166121796664, -0.32664566429922104, 0.05377253138048732, -0.988378190969484, 0.9170716720656229, 0.8135238093748063, -0.6543256632069254, 0.7905119140556078, 0.40870990345137237, 0.09407824944177023, 0.5299993952322151, -0.24803925006484984, -0.13160506626028812, 0.6597609531223236, 0.15085968412239614, 0.8987864461850297, 0.7468734405399209, -0.2549756860235297, -0.44541547116628566, 0.8165524406146965, 0.7825859389527146, 0.9345056672151137], 'fitness': (0.8987253189086915,), 'features': (7.088496, -2.5556436)}]","[{'name': '1710187501750-6801', 'genom': [-0.4887133600483795, 0.8829407752931002, 0.253097351010489, 0.9158024107854033, 0.3628867735198713, -0.6571385407207178, -0.7348823522055392, 0.18267475520003895, -0.977806391172001, 0.2150038323599126, -0.07418197928515391, -0.2675041749087326, -0.8276587954922505, -0.847099750459815, 0.20268488944777174, 0.20714011455920067, 0.32115730319458113, -0.39824176086833196, 0.4405655716224468, 0.29112687716168995, 0.9376149102797584, -0.5238366539585133, 0.9518751188628243, 0.5748358722176425, -0.5142464941421665, 0.26287993151803346, -0.14412382826312653, 0.6149890728038923, -0.7348716515411051, -0.09586058731134028, 0.40887795384221315, -0.4771273402679732, -0.7677547473876063, -0.6779394820892388, 0.019466848251380897, -0.4346900400524998], 'fitness': (0.9285037252638075,), 'features': (7.758288, -1.1510686)}]","[{'name': '1710163033453-375', 'genom': [-0.5644263368433513, 0.14938099617160994, 0.8258049837168502, 0.008118869914586435, -0.9057921809713256, 0.44482359461644516, 0.8140479371673441, 0.7420238855759638, -0.6410398715821941, 0.350969984504103, 0.6710289465190733, -0.4382111712161614, -0.9632208898606023, -0.641495259598486, 0.16804628228355978, 0.45313153378477233, 0.6492542160984192, -0.6023196993106055, 0.7340107756404113, -0.7143609173716425, 0.09834367257368837, 0.9840603257901959, 0.19570138197702613, -0.4485361867949691, 0.8168415181633284, 0.915700919104981, -0.11240872113016143, -0.5336708655763691, 0.9672999673044043, 0.4984250477580887, 0.12259281882407391, 0.8570406536788417, 0.9955651331402791, 0.7807672606047238, 0.43570523450327303, -0.17935404693756318], 'fitness': (0.9355621761745877,), 'features': (7.445641, -0.9109607)}]","[{'name': '1710164954112-871', 'genom': [-0.33623045597843393, -0.20720843714431858, -0.32081884230213364, 0.5596722382270762, -0.4320647863917868, -0.4265736927673469, 0.6239883784958313, -0.9070574476777258, -0.7291945530739095, -0.07175524010151269, -0.6812747846408991, 0.5452516205480573, -0.7890116471825159, -0.18427709834484896, 0.868402400203196, -0.06377111272287439, 0.11995149392259297, 0.9179351404127492, -0.8836913239505555, -0.19446879402297013, -0.8459626781429754, -0.24068906230228015, -0.7446023673673878, 0.7302113157516288, 0.46153917615202045, 0.9099424840057821, 0.16844574421340086, 0.09627078098492325, 0.9238468975375691, 0.2808071819116533, -0.14257022630507787, 0.49389428115626144, -0.0010273100387425682, 0.33166394557050394, 0.6565264598297085, -0.9512891128199152], 'fitness': (0.9824338210953607,), 'features': (7.453768, 0.60043716)}]","[{'name': '1710164954112-871', 'genom': [-0.33623045597843393, -0.20720843714431858, -0.32081884230213364, 0.5596722382270762, -0.4320647863917868, -0.4265736927673469, 0.6239883784958313, -0.9070574476777258, -0.7291945530739095, -0.00011473720981336477, -0.8602937281670766, 0.5452516205480573, -0.7890116471825159, -0.18427709834484896, 0.868402400203196, -0.03028275400042202, 0.11995149392259297, 0.9179351404127492, -0.8836913239505555, -0.10380015824747746, -0.8459626781429754, -0.24068906230228015, -0.7446023673673878, 0.7302113157516288, 0.37013016628692297, 0.9099424840057821, 0.16844574421340086, 0.0643530659717988, 0.9238468975375691, 0.2808071819116533, -0.14257022630507787, 0.431982144851462, -0.0010273100387425682, 0.33166394557050394, 0.6565264598297085, -0.9512891128199152], 'fitness': (0.9494640032450358,), 'features': (7.988383, 1.0939503)}]","[{'name': '1710163530949-505', 'genom': [-0.3613401352304868, 0.8961154666093889, 0.7984041626315204, -0.869609122233372, 0.22622388178074337, 0.4794079920056691, 0.7195312395526299, -0.9889373402544932, -0.5585343991459812, 0.15006370758602006, -0.346612629567828, -0.2727664898969959, 0.12097660714177749, 0.7787412379383369, 0.1077818778533075, -0.0901612989514955, -0.33175720362995875, 0.46219173935913727, 0.608923724327779, 0.6036246922264012, 0.7632229300922344, 0.6639209697462849, 0.7103138282885273, -0.4847537635366366, 0.4640363792089759, 0.7064052039512569, -0.6257746307250294, -0.5609324238237776, -0.5358768661411255, -0.266515631031244, 0.3894499355281853, 0.9852207797567871, 0.9427421619314413, 0.11892461042028346, -0.5134396065400011, -0.42753776711996694], 'fitness': (0.9795023957888286,), 'features': (7.7915506, 2.1708243)}]","[{'name': '1710161729634-20', 'genom': [0.7712658788103954, 0.10208360900304814, 0.2809776414739247, 0.8354969881143857, -0.009443152502683683, -0.42816305772357377, -0.057993532037170725, -0.4738275519424442, -0.15090626552143172, 0.4501491230350858, 0.9761993279588363, 0.45572956729588876, -0.12109611099119255, 0.8054169090034227, 0.8210682050119689, -0.2366185694943499, 0.034545262910016916, -0.4298564460332428, 0.8025297483771958, -0.631220537863751, -0.6247902618042129, 0.3982068570814603, -0.1929406424322322, 0.9054195585582558, -0.9522381206527173, -0.15726146952625952, -0.16869977533504277, 0.7933140967719086, -0.9346004466419127, 0.10671137115059515, -0.46736708273068905, 0.5940674268702593, 0.397742705470999, -0.22865388193687664, 0.1486506756659054, 0.23156242474305277], 'fitness': (0.994297801123725,), 'features': (7.966816, 3.7090042)}]","[{'name': '1710161729634-20', 'genom': [0.7001090471132045, 0.10208360900304814, 0.2809776414739247, 0.8120068277532844, 0.03531800197102686, -0.42816305772357377, -0.057993532037170725, -0.4738275519424442, -0.3423884596769431, 0.6323584182071327, 0.9761993279588363, 0.45572956729588876, -0.12109611099119255, 0.8303011529957043, 0.8517794746024516, -0.34452389622116475, -0.05332452142526978, -0.4298564460332428, 0.8025297483771958, -0.631220537863751, -0.68266789021704, 0.2392116074834023, -0.26844231013901276, 0.9043861841708127, -0.8708182480121047, -0.18640433839547077, -0.16869977533504277, 0.8129198724104192, -0.8760344937658711, 0.01047084802760212, -0.45106451030280836, 0.5940674268702593, 0.2704819589153995, -0.2141370867053709, 0.1508549798953185, 0.23156242474305277], 'fitness': (0.9829718775219387,), 'features': (7.9066505, 4.4882)}]","[{'name': '1710161729634-20', 'genom': [0.7712658788103954, -0.028703038617334142, 0.25620763879599795, 0.513693663876722, 0.03531800197102686, -0.30787675162427774, -0.057993532037170725, -0.4738275519424442, -0.1625287452545261, 0.608735190204134, 0.9761993279588363, 0.45572956729588876, -0.03559213176051146, 0.8284474350481661, 0.8583818910665832, -0.4967933188757019, 0.08209122908498401, -0.4298564460332428, 0.8025297483771958, -0.4802226680308874, -0.6113871228424681, 0.4693142900073213, -0.24561532647631945, 0.7324031123417303, -0.8708182480121047, -0.18640433839547077, -0.16869977533504277, 0.8209587242883474, -0.8348712119800563, -0.09314899488661954, -0.035908094931448975, 0.5996116760475494, 0.2704819589153995, -0.2141370867053709, 0.19024730612962948, 0.24548695911794494], 'fitness': (0.9434193823072645,), 'features': (7.3586416, 5.3324203)}]","[{'name': '1710163530949-505', 'genom': [-0.3613401352304868, 0.8961154666093889, 0.8924266152006934, -0.869609122233372, 0.22622388178074337, 0.4794079920056691, 0.6505753046770515, -0.9889373402544932, -0.5585343991459812, -0.055389580264123106, -0.346612629567828, -0.2727664898969959, 0.12097660714177749, 0.7787412379383369, 0.1077818778533075, -0.0901612989514955, -0.45856712545414613, 0.46219173935913727, 0.608923724327779, 0.6036246922264012, 0.7199739771394489, 0.6639209697462849, 0.6859862632390639, -0.45028002277458756, 0.4640363792089759, 0.7064052039512569, -0.7159098869408567, -0.5116098200333341, -0.5358768661411255, -0.2719044409951554, 0.0791939269362063, 0.9852207797567871, 0.9427421619314413, 0.11892461042028346, -0.5134396065400011, -0.42753776711996694], 'fitness': (0.7345394982231988,), 'features': (7.977954, 6.1377125)}]","[{'name': '1710161729634-20', 'genom': [0.8415738769215524, 0.10208360900304814, 0.2809776414739247, 0.8354969881143857, 0.03531800197102686, -0.3710787235703519, -0.2876560174407967, -0.4738275519424442, -0.17825263237391042, 0.6323584182071327, 0.9761993279588363, 0.45572956729588876, -0.12109611099119255, 0.8303011529957043, 0.9448412190415103, -0.29447615236922675, 0.034545262910016916, -0.3923701693766146, 0.8025297483771958, -0.5344222918095427, -0.5997553254636689, 0.45170673378932835, -0.1929406424322322, 0.9054195585582558, -0.9859993064559334, -0.18707052778465139, -0.16869977533504277, 0.8129198724104192, -0.8458189008287249, 0.10671137115059515, -0.46736708273068905, 0.5940674268702593, 0.2704819589153995, -0.1861093920454282, 0.1566241869564935, 0.19820892829032122], 'fitness': (0.9346390618218317,), 'features': (7.653133, 7.8481226)}]","[{'name': '1710161729634-20', 'genom': [0.7712658788103954, 0.10208360900304814, 0.25620763879599795, 0.8120068277532844, 0.03531800197102686, -0.5176767935092192, -0.057993532037170725, -0.6610081081913299, 0.12216092160382908, 0.6323584182071327, 0.9761993279588363, 0.45572956729588876, -0.12109611099119255, 0.8303011529957043, 0.8583818910665832, -0.34452389622116475, 0.11564123347269106, -0.28748761562226255, 0.8025297483771958, -0.631220537863751, -0.6228574928474673, 0.4693142900073213, -0.24561532647631945, 0.8442329447180343, -0.8708182480121047, -0.18640433839547077, -0.16869977533504277, 0.8492456738629823, -0.8295805654122173, 0.31779645219753805, -0.035908094931448975, 0.5940674268702593, 0.30384089910269263, -0.2141370867053709, 0.19024730612962948, 0.09324712361901755], 'fitness': (0.9597606658935547,), 'features': (7.2841372, 8.225625)}]","[{'name': '1710162028120-95', 'genom': [0.37885793236934284, 0.8977072777292858, 0.8655777245484693, 0.1678493134567669, 0.8045504365362259, 0.31464211397469577, 0.26546757021403367, 0.2933811637007109, 0.9493986291368626, 0.6848735412287028, -0.8667672819780603, -0.0826796602841604, 0.807777019655775, -0.8015121183513179, -0.7280634418821048, -0.14737588528602497, -0.0697572425274604, 0.5752409130325968, 0.4346824095569115, -0.829239380544825, -0.9301118383894527, 0.8685772918203873, -0.18514034379248256, 0.5336590213206731, 0.9773164934596785, 0.18400011964483975, -0.06170534816454443, -0.6451266480921773, 0.5211987697434337, 0.8002186071820903, 0.45958958472641087, -0.5539373670005712, 0.12977785438624267, -0.5363932447875017, -0.9947926505493767, 0.9019334885352912], 'fitness': (0.9593528535630967,), 'features': (7.6880703, 9.434146)}]"
18,"[{'name': '1710163033453-375', 'genom': [-0.4879666863444079, 0.3746766651393729, 0.8258049837168502, 0.05460157858267567, -0.9057921809713256, 0.44482359461644516, 0.8140479371673441, 0.9379904604121467, -0.5939874020728986, 0.2476164319142693, 0.6491066649552002, -0.5380492700658472, -0.9632208898606023, -0.6228659125653624, 0.09114299583152419, 0.46450986086342483, 0.6780975616771945, -0.6023196993106055, 0.7340107756404113, -0.7143609173716425, 0.09834367257368837, 0.9840603257901959, 0.19570138197702613, -0.5271906473582637, 0.9575171659950534, 0.974332229470583, -0.0595397693361952, -0.6089807806558276, 0.9785761422510297, 0.4984250477580887, 0.12259281882407391, 0.8710645862057442, 0.9977042240886766, 0.7807672606047238, 0.5988379200254752, -0.45951895087406736], 'fitness': (0.8833696153428819,), 'features': (8.6938505, -9.216492)}]",[],"[{'name': '1710163033453-375', 'genom': [-0.4879666863444079, 0.3746766651393729, 0.8258049837168502, 0.05460157858267567, -0.9323391778238084, 0.44482359461644516, 0.7201285604526784, 0.8538279852199573, -0.5939874020728986, 0.20126030591621236, 0.763419950258986, -0.33985807148543046, -0.9632208898606023, -0.641495259598486, 0.09114299583152419, 0.49814457946476587, 0.6036152294941681, -0.6023196993106055, 0.7340107756404113, -0.7143609173716425, 0.43338671770365766, 0.9840603257901959, 0.1045247581579074, -0.4485361867949691, 0.8885183010547126, 0.974332229470583, -0.19568233604183982, -0.6089807806558276, 0.9785761422510297, 0.8111582644979465, 0.12259281882407391, 0.9123633917205218, 0.9991835714327704, 0.7739036849827396, 0.3651504771782017, -0.5213892580905615], 'fitness': (0.9689660204781426,), 'features': (8.620958, -7.1536207)}]","[{'name': '1710163033453-375', 'genom': [-0.5155822239242434, 0.3746766651393729, 0.8213366555744959, 0.05460157858267567, -0.9323391778238084, 0.44482359461644516, 0.7201285604526784, 0.8538279852199573, -0.8153621254610592, 0.20126030591621236, 0.763419950258986, -0.33985807148543046, -0.9632208898606023, -0.641495259598486, 0.09114299583152419, 0.49814457946476587, 0.5893563124006798, -0.6023196993106055, 0.7340107756404113, -0.7143609173716425, 0.43338671770365766, 0.9840603257901959, 0.1045247581579074, -0.4485361867949691, 0.8408109218181055, 0.974332229470583, -0.35349645929123774, -0.6089807806558276, 0.9785761422510297, 0.8111582644979465, 0.12259281882407391, 0.9123633917205218, 0.9991835714327704, 0.7739036849827396, 0.3651504771782017, -0.5728939836465199], 'fitness': (0.9562630812327066,), 'features': (8.872056, -6.921058)}]","[{'name': '1710163033453-375', 'genom': [-0.4879666863444079, 0.3989333600985454, 0.8258049837168502, -0.14029441979469803, -0.9057921809713256, 0.4186677725081658, 0.8140479371673441, 0.8538279852199573, -0.968267120680603, 0.2476164319142693, 0.763419950258986, -0.5380492700658472, -0.9632208898606023, -0.54982430936046, 0.09114299583152419, 0.37603161384809636, 0.7307862283188018, -0.6023196993106055, 0.7340107756404113, -0.7143609173716425, 0.09834367257368837, 0.9840603257901959, 0.23988372757437104, -0.4485361867949691, 0.8161207969715483, 0.9747409352586744, -0.06667450228902627, -0.6089807806558276, 0.9785761422510297, 0.4984250477580887, 0.12259281882407391, 0.8710645862057442, 0.9977042240886766, 0.7807672606047238, 0.3651504771782017, -0.4907929788375214], 'fitness': (0.9720852110120985,), 'features': (8.209321, -5.823293)}]","[{'name': '1710167877054-1637', 'genom': [0.6457122689836017, -0.03988222801565988, -0.936169876048268, 0.15833355020236684, -0.21046486937059838, -0.4556036715326657, 0.6423772580376395, -0.25217265081981854, 0.25640701045358494, -0.4685217893016582, 0.29801216393460894, -0.4461331981611665, 0.8473772682603684, 0.31332082196879507, -0.4564344826363591, 0.8581627022506011, 0.9550357848929452, 0.6547113840982213, -0.4657555770179038, -0.9613156543387043, 0.4021211986991995, 0.25692353169814464, -0.9418919375154087, 0.9858693515726031, -0.6192137066187149, -0.9279672361030711, 0.6893595259128753, 0.817802465735032, 0.1634188596912043, -0.7475013922733311, 0.029932641929915293, -0.2989863412407283, -0.1779990283832733, -0.5308389430390015, -0.5665758199293098, 0.29336399712299466], 'fitness': (0.976009194056193,), 'features': (8.293177, -4.2700486)}]","[{'name': '1710174095606-3286', 'genom': [-0.759950043739809, 0.988384980878134, -0.6390616098344912, 0.9081385002423719, 0.3093149322067916, 0.6527564918120483, -0.7068937199507077, 0.3657833697499757, 0.21986909476443217, -0.022660611271607678, 0.5898713831161779, 0.558036612920461, -0.7035526609684886, 0.8103461158315155, -0.07453721079850095, -0.2749531952513484, 0.13437046373582606, -0.9234339517866363, 0.9729348905018607, 0.5488808420895024, -0.6543256632069254, 0.7905119140556078, 0.40870990345137237, 0.2092522457904813, 0.2254158179107193, -0.06746706705978167, 0.11793540483105636, 0.43138271995464605, -0.02276726965016418, 0.865600807554666, 0.7468734405399209, -0.005275820233304307, -0.44541547116628566, 0.8165524406146965, 0.7825859389527146, 0.9261038485689317], 'fitness': (0.9723263422648112,), 'features': (8.835701, -3.3487191)}]","[{'name': '1710167877054-1637', 'genom': [0.6457122689836017, -0.03988222801565988, -0.936169876048268, 0.17625010109092232, -0.21046486937059838, -0.4556036715326657, 0.6423772580376395, -0.25217265081981854, 0.25640701045358494, -0.4685217893016582, 0.29801216393460894, -0.4461331981611665, 0.8473772682603684, 0.31332082196879507, -0.4564344826363591, 0.8581627022506011, 0.9550357848929452, 0.6547113840982213, -0.4657555770179038, -0.9613156543387043, 0.4021211986991995, 0.25692353169814464, -0.9418919375154087, 0.9858693515726031, -0.6192137066187149, -0.9279672361030711, 0.6893595259128753, 0.817802465735032, 0.1634188596912043, -0.7475013922733311, 0.01187516438773617, -0.2989863412407283, -0.1779990283832733, -0.5308389430390015, -0.5665758199293098, 0.29336399712299466], 'fitness': (0.9740979035695394,), 'features': (8.238516, -2.216664)}]","[{'name': '1710194121114-8541', 'genom': [0.40573226821952213, 0.9078049982173668, 0.4095364339061589, 0.7325730587798791, 0.18297570468841973, -0.1488159332585164, 0.3628458383818698, -0.34610774661559884, 0.012356078244538882, -0.9875085326894331, 0.6543405416509842, 0.25349421239777703, 0.17498718777707434, -0.3015199453525186, -0.009705979000307563, -0.6855891923445967, -0.11786806548291495, -0.18496881537169196, -0.2502869079116512, 0.9825576022590188, -0.2939764593610583, 0.04599550830045107, -0.009928803257172492, 0.5325312827315001, 0.43615390490111583, -0.2525663159815432, 0.16374742434913592, 0.3772223200612945, -0.39966693228750505, -0.5111486115500774, 0.2179290955977713, 0.31291159257898227, -0.26570824512450764, -0.46505270131884857, -0.8075904647836447, -0.404089179368778], 'fitness': (0.9406204753451877,), 'features': (8.591068, -1.795908)}]","[{'name': '1710163033453-375', 'genom': [-0.5644263368433513, 0.3746766651393729, 0.8258049837168502, 0.05460157858267567, -0.9057921809713256, 0.44482359461644516, 0.8140479371673441, 0.8296901659936731, -0.8335341773148852, 0.335772731761649, 0.6710289465190733, -0.4382111712161614, -0.9632208898606023, -0.6349444024566102, 0.3426738065927697, 0.4476332974489121, 0.7307862283188018, -0.56049315031679, 0.7340107756404113, -0.7143609173716425, 0.09834367257368837, 0.9840603257901959, 0.19570138197702613, -0.4320559569789999, 0.8161207969715483, 0.9776045245258731, -0.15728398476145222, -0.5917378345371782, 0.9622419338098458, 0.4984250477580887, 0.12259281882407391, 0.8461389185160986, 0.9977042240886766, 0.7807672606047238, 0.3651504771782017, -0.08501448303188419], 'fitness': (0.9874159706963433,), 'features': (8.992718, -0.884246)}]","[{'name': '1710164954112-871', 'genom': [-0.33623045597843393, -0.20720843714431858, -0.38524054433197663, 0.5596722382270762, -0.4320647863917868, -0.4265736927673469, 0.5552680541580559, -0.9070574476777258, -0.7291945530739095, -0.00011473720981336477, -0.7356058396957164, 0.5452516205480573, -0.7890116471825159, -0.18427709834484896, 0.868402400203196, -0.03028275400042202, 0.11995149392259297, 0.9179351404127492, -0.8836913239505555, -0.10380015824747746, -0.8459626781429754, -0.24068906230228015, -0.7446023673673878, 0.7302113157516288, 0.37013016628692297, 0.9099424840057821, 0.16844574421340086, 0.0643530659717988, 0.9238468975375691, 0.2808071819116533, -0.14257022630507787, 0.431982144851462, -0.0010273100387425682, 0.33166394557050394, 0.6565264598297085, -0.9512891128199152], 'fitness': (0.977557881673177,), 'features': (8.129894, 0.37310362)}]","[{'name': '1710161729634-20', 'genom': [0.8415738769215524, 0.10208360900304814, 0.2809776414739247, 0.8354969881143857, 0.03531800197102686, -0.3710787235703519, -0.2876560174407967, -0.4738275519424442, -0.17825263237391042, 0.6323584182071327, 0.9761993279588363, 0.45572956729588876, -0.12109611099119255, 0.8303011529957043, 0.9448412190415103, -0.29447615236922675, 0.034545262910016916, -0.3923701693766146, 0.8025297483771958, -0.5344222918095427, -0.5997553254636689, 0.45170673378932835, -0.1929406424322322, 0.9054195585582558, -0.9859993064559334, -0.18707052778465139, -0.16869977533504277, 0.7333195460181163, -0.8458189008287249, 0.10671137115059515, -0.46736708273068905, 0.5940674268702593, 0.2704819589153995, -0.1861093920454282, -0.0073895928576799275, 0.19820892829032122], 'fitness': (0.9246858225928413,), 'features': (8.323331, 1.6591088)}]","[{'name': '1710163530949-505', 'genom': [-0.35055312783115955, 0.8961154666093889, 0.8924266152006934, -0.7837783608833822, 0.22622388178074337, 0.4794079920056691, 0.6505753046770515, -0.9889373402544932, -0.5585343991459812, 0.13998008350371904, -0.346612629567828, -0.2727664898969959, 0.2679009585820402, 0.7787412379383369, 0.1077818778533075, -0.0901612989514955, -0.45856712545414613, 0.46219173935913727, 0.608923724327779, 0.6036246922264012, 0.7199739771394489, 0.6639209697462849, 0.6859862632390639, -0.45028002277458756, 0.4640363792089759, 0.7064052039512569, -0.7159098869408567, -0.5116098200333341, -0.5254152338004636, -0.35799454503503747, 0.0791939269362063, 0.9852207797567871, 0.9427421619314413, 0.11892461042028346, -0.5134396065400011, -0.6530747321550119], 'fitness': (0.9348258601294623,), 'features': (8.659707, 2.8080592)}]","[{'name': '1710161729634-20', 'genom': [0.7712658788103954, 0.10208360900304814, 0.2809776414739247, 0.8354969881143857, 0.03531800197102686, -0.3574091185904036, -0.2876560174407967, -0.4738275519424442, -0.2069453825624208, 0.6711751945381457, 0.9761993279588363, 0.45572956729588876, -0.12109611099119255, 0.8303011529957043, 0.8583818910665832, -0.29447615236922675, 0.034545262910016916, -0.6390418042400674, 0.8025297483771958, -0.631220537863751, -0.5997553254636689, 0.45170673378932835, -0.1929406424322322, 0.8378926040948453, -0.9859993064559334, -0.18640433839547077, -0.16869977533504277, 0.8129198724104192, -0.8458189008287249, 0.10671137115059515, -0.46736708273068905, 0.5940674268702593, 0.2704819589153995, -0.1861093920454282, 0.1486506756659054, 0.19820892829032122], 'fitness': (0.9771379815207587,), 'features': (8.301048, 3.4276)}]","[{'name': '1710161729634-20', 'genom': [0.7712658788103954, 0.10208360900304814, 0.2809776414739247, 0.9325445018549481, 0.016446577984674082, -0.5139057363613662, -0.057993532037170725, -0.4738275519424442, -0.15090626552143172, 0.6763704060262341, 0.9761993279588363, 0.45572956729588876, -0.12109611099119255, 0.8054169090034227, 0.8210682050119689, -0.2366185694943499, 0.034545262910016916, -0.4298564460332428, 0.8025297483771958, -0.6971583407860025, -0.7283002310998063, 0.3982068570814603, -0.1929406424322322, 0.9054195585582558, -0.9522381206527173, -0.15726146952625952, -0.16869977533504277, 0.6651779438303651, -0.9346004466419127, 0.319980904247533, -0.46736708273068905, 0.5940674268702593, 0.4091767787134286, -0.22865388193687664, 0.1486506756659054, 0.23156242474305277], 'fitness': (0.9513120916154649,), 'features': (8.872803, 4.480166)}]","[{'name': '1710163530949-505', 'genom': [-0.3613401352304868, 0.8961154666093889, 0.7984041626315204, -0.869609122233372, 0.22622388178074337, 0.4794079920056691, 0.7195312395526299, -0.9889373402544932, -0.5585343991459812, 0.15006370758602006, -0.358239425381103, -0.2727664898969959, 0.12097660714177749, 0.7787412379383369, 0.1077818778533075, -0.20529267756525083, -0.439388274822083, 0.6070920181645225, 0.608923724327779, 0.5614236695855046, 0.7632229300922344, 0.6639209697462849, 0.7103138282885273, -0.4847537635366366, 0.4640363792089759, 0.7064052039512569, -0.6257746307250294, -0.5609324238237776, -0.5358768661411255, -0.266515631031244, 0.3894499355281853, 0.9852207797567871, 0.9427421619314413, 0.12326544838096853, -0.5393857366272061, -0.42753776711996694], 'fitness': (0.9996660518977377,), 'features': (8.872459, 5.251737)}]","[{'name': '1710161729634-20', 'genom': [0.6686502171395452, 0.10208360900304814, 0.2809776414739247, 0.8120068277532844, 0.03531800197102686, -0.42816305772357377, -0.057993532037170725, -0.45314266286510874, -0.3297805076955551, 0.6323584182071327, 0.9761993279588363, 0.3195657237239786, -0.12109611099119255, 0.8303011529957043, 0.8517794746024516, -0.34452389622116475, -0.05332452142526978, -0.3272586078699842, 0.8025297483771958, -0.6439652377470768, -0.68266789021704, 0.4693142900073213, -0.26844231013901276, 0.9043861841708127, -0.8708182480121047, -0.18640433839547077, -0.16869977533504277, 0.8129198724104192, -0.8760344937658711, 0.14306215596395044, -0.4165368795825726, 0.5940674268702593, 0.2704819589153995, -0.2141370867053709, 0.1486506756659054, 0.23156242474305277], 'fitness': (0.9151880052354601,), 'features': (8.218616, 6.259717)}]","[{'name': '1710161729634-20', 'genom': [0.7712658788103954, 0.10859766134795446, 0.25620763879599795, 0.8555938509956764, 0.03531800197102686, -0.4375199734882984, -0.05108155499264666, -0.4738275519424442, -0.15090626552143172, 0.6323584182071327, 0.9761993279588363, 0.45572956729588876, -0.12109611099119255, 0.8303011529957043, 0.8081847358758303, -0.34452389622116475, 0.191529910846987, -0.4298564460332428, 0.8025297483771958, -0.580791222800662, -0.6228574928474673, 0.4693142900073213, -0.24561532647631945, 0.8442329447180343, -0.8708182480121047, -0.18640433839547077, -0.16869977533504277, 0.8492456738629823, -0.8295805654122173, -0.10003689209062228, -0.035908094931448975, 0.5940674268702593, 0.2704819589153995, -0.2141370867053709, 0.06467530543524758, 0.23156242474305277], 'fitness': (0.9240764935811361,), 'features': (8.52366, 7.898372)}]","[{'name': '1710161729634-20', 'genom': [0.7712658788103954, 0.10208360900304814, 0.25620763879599795, 0.513693663876722, 0.03531800197102686, -0.42816305772357377, -0.057993532037170725, -0.4738275519424442, -0.15090626552143172, 0.6323584182071327, 0.9761993279588363, 0.45572956729588876, -0.12109611099119255, 0.8303011529957043, 0.8583818910665832, -0.34452389622116475, 0.08209122908498401, -0.4298564460332428, 0.8025297483771958, -0.4802226680308874, -0.6228574928474673, 0.4693142900073213, -0.24561532647631945, 0.7324031123417303, -0.8708182480121047, -0.18640433839547077, -0.16869977533504277, 0.8492456738629823, -0.8295805654122173, -0.10003689209062228, -0.035908094931448975, 0.5940674268702593, 0.2704819589153995, -0.2141370867053709, 0.19024730612962948, 0.23156242474305277], 'fitness': (0.9887638383441502,), 'features': (8.334444, 8.772492)}]","[{'name': '1710161729634-20', 'genom': [0.7712658788103954, 0.1800599046774336, 0.25620763879599795, 0.513693663876722, 0.03531800197102686, -0.42816305772357377, -0.057993532037170725, -0.4738275519424442, -0.15090626552143172, 0.6184574543043555, 0.9761993279588363, 0.45572956729588876, -0.07701937918624857, 0.8303011529957043, 0.8583818910665832, -0.34452389622116475, 0.012868593439594234, -0.4298564460332428, 0.8025297483771958, -0.4802226680308874, -0.6372951050889675, 0.4693142900073213, -0.24561532647631945, 0.7324031123417303, -0.8708182480121047, -0.18640433839547077, -0.16869977533504277, 0.8492456738629823, -0.8295805654122173, -0.10003689209062228, -0.035908094931448975, 0.5940674268702593, 0.2704819589153995, -0.2141370867053709, 0.19024730612962948, 0.23156242474305277], 'fitness': (0.9182944085862902,), 'features': (8.322248, 9.006257)}]"
19,"[{'name': '1710163033453-375', 'genom': [-0.5506188081757861, 0.14938099617160994, 0.8438860873416647, 0.05460157858267567, -0.9405197072292997, 0.44482359461644516, 0.8102090244736024, 0.8211658017071004, -0.5939874020728986, 0.39964491571254457, 0.7266878000209918, -0.4382111712161614, -0.9213051380026298, -0.641495259598486, 0.24124005917985714, 0.5979701591248636, 0.6843024710508776, -0.27828148169139544, 0.7340107756404113, -0.6151940816477113, 0.03007998723769756, 0.9840603257901959, 0.19570138197702613, -0.5817253442717367, 0.8497510882294894, 0.9300622268011647, -0.15728398476145222, -0.5917378345371782, 0.9622419338098458, 0.4984250477580887, 0.12259281882407391, 0.9091857943501138, 0.9934603171138807, 0.7807672606047238, 0.49666709178758084, -0.17935404693756318], 'fitness': (0.927459552552965,), 'features': (9.503444, -9.109093)}]","[{'name': '1710163033453-375', 'genom': [-0.2667364076576151, 0.3845924872421971, 0.736890476392903, -0.08773413546349818, -0.9057921809713256, 0.5673311988966538, 0.8140479371673441, 0.8538279852199573, -0.9856908226554322, 0.2476164319142693, 0.763419950258986, -0.5380492700658472, -0.9632208898606023, -0.4169084091225308, 0.24295512046815704, 0.37603161384809636, 0.590100837889028, -0.6023196993106055, 0.7340107756404113, -0.7675659807205495, 0.12347431116833407, 0.9903131817349404, 0.23988372757437104, -0.4485361867949691, 0.8161207969715483, 0.8985090132666098, -0.06667450228902627, -0.8249288573039515, 0.9785761422510297, 0.3860621173288836, 0.12259281882407391, 0.8533038207700154, 0.8308304639234743, 0.7807672606047238, 0.3651504771782017, -0.4907929788375214], 'fitness': (0.7368716133965386,), 'features': (9.595308, -8.5877)}]","[{'name': '1710163033453-375', 'genom': [-0.2667364076576151, 0.3989333600985454, 0.8568447641205721, -0.14029441979469803, -0.9057921809713256, 0.4186677725081658, 0.8140479371673441, 0.8538279852199573, -0.9856908226554322, 0.2476164319142693, 0.763419950258986, -0.5380492700658472, -0.9632208898606023, -0.54982430936046, 0.09114299583152419, 0.37603161384809636, 0.6076735609830193, -0.6023196993106055, 0.7340107756404113, -0.7143609173716425, 0.09834367257368837, 0.9903131817349404, 0.23988372757437104, -0.4485361867949691, 0.8161207969715483, 0.8985090132666098, -0.06667450228902627, -0.8249288573039515, 0.9785761422510297, 0.4984250477580887, 0.12259281882407391, 0.8533038207700154, 0.9977042240886766, 0.7807672606047238, 0.3651504771782017, -0.4907929788375214], 'fitness': (0.7623673968844944,), 'features': (9.287233, -7.3163996)}]","[{'name': '1710183133044-5664', 'genom': [-0.21625099131603887, 0.24299739248399232, -0.5620922253986544, 0.5817452944497832, 0.25139979368556786, 0.8934824616083064, -0.1355176864696941, 0.8826032073398453, 0.916875465842935, -0.10012689144808995, -0.17758851993324098, 0.5488220052826336, -0.0696642875414959, -0.9395977274545557, 0.6711108668047006, 0.8980409108682317, -0.24981416977574922, 0.6721065812108893, 0.38808772248572465, -0.8734644110206482, 0.38124367301701567, 0.3364934652460152, 0.151580564694074, -0.27414932645565915, 0.3903210138014226, -0.9743871776676256, 0.2794779213317209, 0.7000515601776065, 0.5455725597717582, 0.421648302142303, 0.15096708301635497, -0.8771171881080502, -0.9089757315123019, 0.34667591054367053, -0.9676170982634549, 0.7306048280372706], 'fitness': (0.9128826565212673,), 'features': (9.984003, -6.189513)}]","[{'name': '1710163033453-375', 'genom': [-0.5644263368433513, 0.3746766651393729, 0.8388938516100046, 0.05460157858267567, -0.9057921809713256, 0.44482359461644516, 0.8140479371673441, 0.8296901659936731, -0.8335341773148852, 0.335772731761649, 0.6710289465190733, -0.4382111712161614, -0.996722286649157, -0.6349444024566102, 0.3426738065927697, 0.46595802539104625, 0.7307862283188018, -0.56049315031679, 0.9378668370213472, -0.7143609173716425, 0.055494218833535225, 0.9840603257901959, 0.19570138197702613, -0.4320559569789999, 0.6290736690548335, 0.8672809444411214, -0.0629273184507475, -0.5934875765776009, 0.9622419338098458, 0.4984250477580887, 0.12259281882407391, 0.8461389185160986, 0.9977042240886766, 0.7807672606047238, 0.3651504771782017, -0.056304973182432994], 'fitness': (0.8880473984612359,), 'features': (9.352717, -5.514286)}]","[{'name': '1710163033453-375', 'genom': [-0.5644263368433513, 0.3746766651393729, 0.8388938516100046, 0.05460157858267567, -0.9311200152047048, 0.5076277060539722, 0.8140479371673441, 0.8296901659936731, -0.8335341773148852, 0.335772731761649, 0.8598289301964603, -0.4382111712161614, -0.996722286649157, -0.6927097823896875, 0.5260197702841647, 0.4476332974489121, 0.7307862283188018, -0.45765764289411126, 0.9378668370213472, -0.7483050752309248, -0.04032047110082071, 0.9840603257901959, 0.1833358760081203, -0.4320559569789999, 0.8161207969715483, 0.9776045245258731, -0.0629273184507475, -0.6493065872021284, 0.9622419338098458, 0.4984250477580887, 0.24884426136074644, 0.8461389185160986, 0.9977042240886766, 0.7807672606047238, 0.3651504771782017, -0.17672252595390603], 'fitness': (0.9933981776237488,), 'features': (9.707642, -4.099453)}]","[{'name': '1710162911978-336', 'genom': [-0.5127256417601058, 0.8128809124461387, -0.1512876040732678, -0.7986604203495533, -0.8408874327469338, 0.2931405579835342, 0.8150589776924957, -0.9924798130216115, 0.937589925010045, 0.7462072961562065, -0.7219534338641589, -0.14618067519836142, 0.14571215692009898, 0.8105055596709287, -0.1946796147775791, 0.9621039276613896, 0.06063856553378244, 0.469024101093108, -0.847259494798603, -0.596048041954794, 0.37083150413630106, 0.10113845948710432, -0.5494340956329602, 0.6596267865150103, 0.6334217774242159, -0.7148887819690588, 0.7286258342854017, 0.950044328728197, 0.37601114123952883, -0.45064191244439655, 0.1023818376051655, -0.19297451317089687, -0.11563158871109702, 0.02732680588409453, 0.8723488048174319, 0.7725942806262522], 'fitness': (0.9815242343478733,), 'features': (9.922238, -3.185167)}]","[{'name': '1710174095606-3286', 'genom': [-0.7616809471974644, 0.988384980878134, -0.7581240805995455, 0.9746636867289589, 0.3093149322067916, 0.6363133340041747, -0.7068937199507077, 0.3657833697499757, 0.21986909476443217, -0.0022251120090004406, 0.5898713831161779, 0.8637294339870549, -0.7035526609684886, 0.8103461158315155, -0.06052129741373635, -0.2749531952513484, 0.13437046373582606, -0.9234339517866363, 0.9729348905018607, 0.5488808420895024, -0.6543256632069254, 0.7905119140556078, 0.40870990345137237, 0.2092522457904813, 0.2254158179107193, -0.06746706705978167, 0.11793540483105636, 0.6686651252932392, -0.02276726965016418, 0.865600807554666, 0.7468734405399209, -0.005275820233304307, -0.44541547116628566, 0.8165524406146965, 0.7825859389527146, 0.9261038485689317], 'fitness': (0.889634026421441,), 'features': (9.62574, -2.449135)}]","[{'name': '1710194121114-8541', 'genom': [0.40573226821952213, 0.9078049982173668, 0.4095364339061589, 0.7325730587798791, 0.18297570468841973, -0.1488159332585164, 0.3628458383818698, -0.34610774661559884, 0.012356078244538882, -0.9561690699245247, 0.6543405416509842, 0.25349421239777703, 0.17498718777707434, -0.3015199453525186, -0.009705979000307563, -0.4143525299251798, -0.11786806548291495, -0.18496881537169196, -0.31529569913624234, 0.9825576022590188, -0.2939764593610583, 0.04599550830045107, -0.009928803257172492, 0.5325312827315001, 0.43615390490111583, -0.2525663159815432, 0.16374742434913592, 0.4128597909598699, -0.39966693228750505, -0.5111486115500774, 0.23042308745626783, 0.31291159257898227, -0.26570824512450764, -0.46505270131884857, -0.8075904647836447, -0.404089179368778], 'fitness': (0.9931881454255845,), 'features': (9.215981, -1.2628008)}]","[{'name': '1710165833226-1099', 'genom': [-0.7198932621223251, -0.874538077063777, 0.9766431916034117, -0.972397257848765, 0.017717715691855984, 0.902772476333825, 0.28680874096590037, 0.3222325798648449, 0.07607553974403425, 0.07762645919696931, 0.07629100683586287, -0.5402374637456748, 0.5403121160183049, 0.9209714959195996, 0.16157570661286025, 0.07372969436530363, -0.42421608230011376, 0.4411569232937582, -0.13545445966476288, -0.6639963438438561, -0.41855973904460697, 0.9642719448747479, -0.7172855405728029, 0.6101945057150258, 0.3786594717632543, -0.07880977006048373, 0.9910273219684955, -0.32071786020733195, 0.788013252446985, 0.9101695473803575, 0.13730301536915257, -0.47233205487165186, -0.38926065978525415, 0.9259149349621028, 0.9095333729586628, 0.8988850240455384], 'fitness': (0.905321470896403,), 'features': (9.369282, -0.61389834)}]","[{'name': '1710161729634-20', 'genom': [0.7712658788103954, 0.10208360900304814, 0.2809776414739247, 0.8354969881143857, 0.03531800197102686, -0.42816305772357377, -0.057993532037170725, -0.571721753371045, -0.15090626552143172, 0.6323584182071327, 0.985114039081368, 0.45572956729588876, -0.2272841763457425, 0.8054169090034227, 0.8071505492140512, -0.29447615236922675, 0.034545262910016916, -0.4298564460332428, 0.8025297483771958, -0.631220537863751, -0.5637405342290125, 0.3982068570814603, -0.1929406424322322, 0.9054195585582558, -0.9522381206527173, -0.19865958204974965, -0.16869977533504277, 0.7933140967719086, -0.9566693801402824, 0.10671137115059515, -0.41225984233781876, 0.34206392228901383, 0.397742705470999, -0.22865388193687664, 0.1486506756659054, 0.23156242474305277], 'fitness': (0.7918665568033854,), 'features': (9.119803, 0.45128635)}]","[{'name': '1710162028120-95', 'genom': [0.37885793236934284, 0.8977072777292858, 0.8842455876710389, 0.18334080114160423, 0.8045504365362259, 0.2904320110473042, 0.25837587146403185, 0.350846820893123, 0.9493986291368626, 0.6848735412287028, -0.9025174561983182, -0.04390709985040697, 0.807777019655775, -0.8015121183513179, -0.7280634418821048, -0.14737588528602497, -0.07965854510748716, 0.5752409130325968, 0.4346824095569115, -0.829239380544825, -0.9301118383894527, 0.8022252045348459, -0.2544285263254624, 0.5336590213206731, 0.9773164934596785, 0.18400011964483975, -0.0009181351404736748, -0.6451266480921773, 0.5211987697434337, 0.6023556715360014, 0.42426929766638266, -0.5539373670005712, 0.12977785438624267, -0.5363932447875017, -0.8598968777532991, 0.920385245741371], 'fitness': (0.935980044470893,), 'features': (9.866793, 1.4148577)}]","[{'name': '1710162028120-95', 'genom': [0.33459832695864433, 0.9290795693290623, 0.9484935972239821, 0.2264471468965179, 0.8393397591127645, 0.18189259312146966, 0.25947906308643565, 0.13924813464965413, 0.9493986291368626, 0.9423204619461687, -0.8564614222936735, -0.46708105935617117, 0.807777019655775, -0.9111681410749393, -0.7267346746300445, -0.14737588528602497, 0.009534827524811051, 0.7508740174668043, 0.4346824095569115, -0.8623784199434406, -0.8025865967307653, 0.8657407782541351, -0.2544285263254624, 0.4544134148429262, 0.7395485061946097, 0.18400011964483975, -0.06170534816454443, -0.6779164431683202, 0.5349140588501509, 0.4938755506002803, 0.5422684995110223, -0.6101772526586307, 0.020393455727863552, -0.5201377034585737, -0.9947926505493767, 0.8400448495942368], 'fitness': (0.75677613152398,), 'features': (9.752927, 2.790824)}]","[{'name': '1710162028120-95', 'genom': [0.37885793236934284, 0.8977072777292858, 0.8842455876710389, -0.033730527867971816, 0.8045504365362259, 0.2904320110473042, 0.25837587146403185, 0.350846820893123, 0.9493986291368626, 0.6848735412287028, -0.9111900137010038, -0.04390709985040697, 0.8025636029864798, -0.8015121183513179, -0.7280634418821048, -0.2985886742896169, -0.07965854510748716, 0.5752409130325968, 0.4346824095569115, -0.829239380544825, -0.9301118383894527, 0.8022252045348459, -0.2544285263254624, 0.5565967050421781, 0.9773164934596785, 0.18400011964483975, -0.0009181351404736748, -0.6451266480921773, 0.5211987697434337, 0.6023556715360014, 0.42426929766638266, -0.5539373670005712, 0.12977785438624267, -0.5552188359475898, -0.7866618588641427, 0.920385245741371], 'fitness': (0.973755955696106,), 'features': (9.27173, 3.465895)}]","[{'name': '1710161729634-20', 'genom': [0.7712658788103954, 0.10208360900304814, 0.2809776414739247, 0.8354969881143857, 0.03531800197102686, -0.3710787235703519, -0.2876560174407967, -0.4738275519424442, -0.2069453825624208, 0.6323584182071327, 0.9761993279588363, 0.45572956729588876, -0.12109611099119255, 0.8303011529957043, 0.8583818910665832, -0.29447615236922675, 0.034545262910016916, -0.3923701693766146, 0.8025297483771958, -0.631220537863751, -0.5997553254636689, 0.45170673378932835, -0.1929406424322322, 0.9054195585582558, -0.9859993064559334, -0.18640433839547077, -0.16869977533504277, 0.8129198724104192, -0.8458189008287249, 0.10671137115059515, -0.46736708273068905, 0.5940674268702593, 0.2704819589153995, -0.1861093920454282, 0.1486506756659054, 0.19820892829032122], 'fitness': (0.8561595069037543,), 'features': (9.171043, 4.702115)}]","[{'name': '1710162028120-95', 'genom': [0.33459832695864433, 0.8977072777292858, 0.8928675547933502, 0.16756927446671344, 0.7396998753337871, 0.2904320110473042, 0.25947906308643565, 0.13924813464965413, 0.9641307168179496, 0.8412045707662392, -0.8564614222936735, -0.3822114866603621, 0.8470561765949722, -0.8546610008873596, -0.7267346746300445, -0.14737588528602497, 0.009534827524811051, 0.6121624798025778, 0.4346824095569115, -0.8337213138354889, -0.8025865967307653, 0.8657407782541351, -0.25065156992778026, 0.5336590213206731, 0.9513885324526294, 0.18400011964483975, -0.06170534816454443, -0.6451266480921773, 0.5349140588501509, 0.4336685144261443, 0.41968949133966094, -0.626480202013554, 0.12977785438624267, -0.5201377034585737, -0.9947926505493767, 0.7453647701665498], 'fitness': (0.7034981621636285,), 'features': (9.707003, 5.672398)}]","[{'name': '1710162028120-95', 'genom': [0.2525749862457656, 0.7405582398554456, 0.9484935972239821, 0.33868038189441907, 0.8933346672693023, 0.18189259312146966, 0.25947906308643565, 0.13924813464965413, 0.9493986291368626, 0.8795296696744843, -0.8564614222936735, -0.5665062106724597, 0.6475323102036854, -0.9111681410749393, -0.7267346746300445, -0.14737588528602497, 0.009534827524811051, 0.7508740174668043, 0.454546824844527, -0.8623784199434406, -0.6133372258869543, 0.9728451992752447, -0.2544285263254624, 0.48105380930479047, 0.6278822616584463, 0.18400011964483975, -0.0678535511597318, -0.7342043773468891, 0.4895112235847412, 0.5021117417822913, 0.5362713030661634, -0.4230208943484668, 0.020393455727863552, -0.5201377034585737, -0.9964469894947159, 0.8400448495942368], 'fitness': (0.8905469470553928,), 'features': (9.5329, 6.7087436)}]","[{'name': '1710161729634-20', 'genom': [0.7712658788103954, 0.10208360900304814, 0.25620763879599795, 0.513693663876722, 0.03531800197102686, -0.42816305772357377, -0.057993532037170725, -0.4738275519424442, -0.15090626552143172, 0.6323584182071327, 0.9761993279588363, 0.40304974869434496, -0.12109611099119255, 0.8303011529957043, 0.8583818910665832, -0.34452389622116475, 0.08209122908498401, -0.466521203115714, 0.8025297483771958, -0.4802226680308874, -0.6228574928474673, 0.503153775565796, -0.24561532647631945, 0.7615744746258812, -0.8708182480121047, -0.18640433839547077, -0.16869977533504277, 0.8492456738629823, -0.9692553312716248, -0.10003689209062228, -0.035908094931448975, 0.5940674268702593, 0.2704819589153995, -0.17962546078222186, 0.19024730612962948, 0.23156242474305277], 'fitness': (0.9733855221006605,), 'features': (9.694577, 7.2660427)}]","[{'name': '1710161729634-20', 'genom': [0.7712658788103954, 0.14182306928315636, 0.25620763879599795, 0.513693663876722, 0.03531800197102686, -0.30787675162427774, -0.057993532037170725, -0.4738275519424442, -0.0338322282910406, 0.6323584182071327, 0.9761993279588363, 0.45572956729588876, -0.03559213176051146, 0.8284474350481661, 0.8583818910665832, -0.35683239956461343, 0.08209122908498401, -0.4298564460332428, 0.8025297483771958, -0.4802226680308874, -0.6228574928474673, 0.4693142900073213, -0.24561532647631945, 0.7324031123417303, -0.8708182480121047, -0.18640433839547077, -0.16869977533504277, 0.8209587242883474, -0.8348712119800563, -0.10003689209062228, -0.035908094931448975, 0.5996116760475494, 0.2704819589153995, -0.2141370867053709, 0.19024730612962948, 0.24548695911794494], 'fitness': (0.815331670973036,), 'features': (9.462731, 8.217141)}]","[{'name': '1710161729634-20', 'genom': [0.7712658788103954, 0.10208360900304814, 0.25620763879599795, 0.513693663876722, 0.03531800197102686, -0.42816305772357377, -0.057993532037170725, -0.4738275519424442, -0.15090626552143172, 0.6323584182071327, 0.9761993279588363, 0.4162405020807216, -0.12109611099119255, 0.8303011529957043, 0.8583818910665832, -0.34452389622116475, 0.08209122908498401, -0.466521203115714, 0.8025297483771958, -0.4802226680308874, -0.6228574928474673, 0.503153775565796, -0.24561532647631945, 0.7615744746258812, -0.8176590514929687, -0.18640433839547077, -0.16869977533504277, 0.8492456738629823, -0.9692553312716248, -0.10003689209062228, -0.035908094931448975, 0.5940674268702593, 0.2704819589153995, -0.17962546078222186, 0.19024730612962948, 0.23156242474305277], 'fitness': (0.939669132232666,), 'features': (9.264954, 9.659548)}]"
